1.088496905921303437e-01
-8.789757342873464330e-01
6.650381237359674902e-01
-8.235786855018030206e-01
3.289925443303651775e-01
-3.593006615048055519e-01
-7.291068982964734602e-01
-9.875768464494436571e-01
8.759519568509424592e-02
-2.876120207171067866e-01
1.270490804149135844e-01
-8.527871019989337054e-01
3.770004656842089741e-01
8.100245395635917722e-01
-9.907089079315675173e-01
-5.696844644101562993e-01
8.622038281220363309e-01
-1.000000000000000000e+00
-6.266118324897423930e-01
4.791440188958286939e-01
1.552367689519001392e-01
-7.206142239645595415e-01
7.729725502136020054e-03
5.149518005579478697e-01
2.537485964704632724e-01
-6.683112128994672663e-01
-3.480161971301982127e-01
3.253904244914677113e-01
-1.454745124449698390e-01
-6.376927453666214607e-01
-3.178125023642761060e-01
5.831125890572413928e-01
-8.406635227069102489e-01
4.250168715244928563e-02
4.012251657559751106e-01
-5.944081922691013542e-01
2.850309321474876478e-01
9.666463187675328195e-02
-5.188935801067724451e-01
-9.561167008818127755e-02
3.837494164867233937e-01
4.520274498977489008e-01
-7.446280414818515769e-01
-1.155952084778308075e-01
-1.053067210593043868e-01
-9.189796741858395901e-01
3.616207336526118254e-01
-3.923741982462398692e-01
7.084373291596131050e-01
-8.446242763601955472e-01
-1.325026175898821879e-01
6.932140951485499247e-01
5.328246747910529990e-01
-8.088148079315395922e-01
1.000000000000000000e+00
1.663775450107213560e-01
-1.208113138035066675e-01
3.314594150304470688e-01
-1.590833783367077703e-01
-1.000000000000000000e+00
-5.588590884321802399e-01
-9.389636584678771047e-01
-4.497115365058925174e-01
-3.349381935531313137e-01
-1.120233702474335152e-01
-6.981809193500154720e-01
-3.592695081630922771e-01
-8.756364999423522644e-01
4.262297478312366827e-01
-9.305982129805538960e-01
-4.365585960278961508e-02
1.123891605660760212e-02
3.027201315794717518e-01
-5.024382808030275482e-01
-5.357953450878494284e-01
-9.822316223380238576e-01
8.835379566853782674e-01
3.583346323798375366e-02
-7.365499168907817529e-01
1.078817449500339420e-01
-1.602310786185154878e-01
-7.093921639796156864e-01
-6.870503198884437834e-01
4.411897001323961121e-01
4.471823400394468462e-01
5.967852408595792912e-01
-1.682370787202897566e-01
-6.008417425162556613e-01
-3.913669824479122372e-01
-6.935202079653837171e-01
8.159049033206973167e-01
-4.600631729727652219e-01
7.480117533817811637e-01
6.168182395842664034e-01
5.936851230394180057e-01
2.756781786370798848e-01
-6.529032874431248690e-01
-9.175202854905815109e-01
5.842957268972489571e-01
-8.304631477655864957e-01
-6.055387756466757976e-01
-8.544419443687702176e-02
9.581187339804320136e-01
6.441826586644789909e-01
-6.243934523378447121e-01
-6.558734593440702643e-01
1.037794642810997425e-01
-9.538533605237156099e-01
3.588591696521136187e-01
-3.050531617996449230e-01
4.200125433473711478e-01
2.634445486309824336e-01
-3.891418759970924346e-01
-4.970932480222214345e-01
1.012328550231058194e-01
-4.996480507874671018e-01
-3.464052411384932473e-01
3.324992771462267349e-01
-5.022192862659746737e-01
5.081915031982517927e-01
-2.616142882814384008e-01
-7.921513669940434266e-01
-1.584628741664963203e-02
-7.544578448573366902e-01
3.690136872945732893e-01
-4.273113381618675044e-01
-8.978490640255454291e-01
-1.000000000000000000e+00
-2.194941749188581565e-02
1.087853086182609813e-01
-8.279387984499422815e-02
-4.418572210178549065e-01
6.960134506679153121e-01
6.254052061721984135e-01
-9.324636859041659509e-01
1.050077917443008602e-01
-2.997101473114895942e-01
-4.296621250411429838e-01
-5.982354164688883369e-01
8.104444871794381777e-01
-7.075860157059342681e-01
6.939260671308075112e-01
-5.171090247426196607e-01
5.003090789143718187e-01
-1.109422106540841613e-01
-4.373345882829605680e-01
-4.874536246807550377e-01
6.648235533386117613e-01
2.657195191036881288e-01
1.453168928455530473e-01
1.081816997295948907e-01
2.305408306796139506e-01
4.637244928212699291e-01
-5.287402315946535536e-01
5.433813465081872573e-01
-7.600048659784521821e-01
-1.381064093318593866e-01
8.375843131855036372e-01
7.428788268745629697e-01
-6.801303618346481450e-01
8.142366411534627257e-01
-3.852072630098943989e-02
9.024355782340047760e-01
4.991034438110690807e-01
-9.349844388263437445e-01
-8.862497195928695781e-01
-2.680410818548027013e-02
6.888887571123003539e-01
2.970338633297240905e-01
7.793523993954039053e-01
8.543313729636779763e-02
-8.477806313678432071e-01
1.000000000000000000e+00
4.696481701214438864e-01
-4.682002321150875446e-01
1.000000000000000000e+00
-3.176391116525771885e-01
3.224708958905556644e-01
-5.633057774337707491e-01
8.732979086056196216e-01
-1.000000000000000000e+00
6.263746153935116912e-01
7.117925709268932977e-01
1.000000000000000000e+00
3.124756723696404670e-01
-6.787865133783417271e-01
1.574467923009645054e-01
-1.079904290620229135e-01
9.875427297098612334e-01
8.826013417472632072e-02
8.638586944348890517e-01
-4.391582530843800986e-02
-3.110309609418420718e-01
6.234264548178600762e-01
4.587109070997996696e-01
5.396700676560268750e-01
-8.216964544217553179e-01
-3.882126749139486188e-01
-9.935084902440338706e-01
-3.887585499304214709e-01
1.000000000000000000e+00
-5.233236658926818663e-01
-1.557410517563822261e-01
-3.916615178536206887e-01
9.573859511549780432e-01
-4.434580035783967644e-01
6.680817150709533747e-01
-2.467939352827562272e-01
8.082174546122743442e-01
2.499792822386692759e-01
4.814917665972266725e-02
3.153104739638432630e-01
8.365559960569114439e-01
2.879894129746998210e-01
-9.331345520759761758e-01
8.965645483529787185e-01
1.425726052044738179e-01
-9.739946944908688398e-01
-9.131454725605497869e-01
-6.406110319662503549e-01
-6.056406425990304987e-01
5.945755303444912876e-01
-4.153600724016941470e-01
-2.562766354127226087e-01
-3.360237615421247104e-01
4.402885577940622852e-01
-7.776698177338434714e-01
-5.982146647855647592e-02
-3.231976484262459870e-01
7.942328907260625126e-01
-3.642034598044769922e-01
-2.838583015543286181e-02
-1.444049657728257718e-01
1.400992258362421250e-01
2.138211563420168160e-01
-1.000000000000000000e+00
1.000000000000000000e+00
-5.541085347045084930e-01
7.903341147762499297e-02
8.037560427394419005e-01
-1.621926551133464622e-01
2.974841455264198853e-01
4.412403384440273246e-01
1.394710575776705874e-01
-4.324454141786833461e-02
1.475232811442699354e-01
-1.819897676143155951e-01
8.585459201743729230e-01
-5.406484617881062160e-01
3.667845103407986196e-01
-2.774190413588515369e-01
-7.116313018241244848e-01
-2.566066649867086435e-01
1.548168198182821309e-01
-5.600385991379681627e-01
-3.825235215200735173e-01
2.454871594262351131e-01
-7.670442859336932262e-01
-3.603293332015377604e-01
-4.882352615438205756e-01
-1.435986543462714482e-01
-5.997511167640361407e-01
7.798792031035990391e-01
-9.461574578765938326e-02
6.237006959751050239e-01
-5.305496366552684417e-01
-2.866631132715621311e-01
9.724973590185999051e-01
4.032483099389784775e-01
5.738810384181783353e-02
4.760244584889217756e-01
-4.369478767201178671e-01
2.687619277001997986e-01
5.093536752784411092e-02
4.303093584059045629e-01
-9.709703939259650696e-01
4.202815549396660133e-01
-2.848453586526769055e-01
3.246076598900180521e-01
-5.798219248197180598e-01
4.875027539016307809e-01
2.681042615620068403e-01
2.538664944841047544e-01
-3.858656393761037418e-01
1.000000000000000000e+00
-6.156698781651248620e-01
7.159024419292192576e-02
-9.041835218585482226e-01
4.558607202527998892e-01
-1.532865987059850443e-01
-8.506179052736408952e-01
1.232582618243908412e-01
2.400782576044391825e-01
9.191812160852308455e-01
6.977182170999638444e-01
