-1.880649953935740470e-01
5.727044868969646263e-01
-6.355117272451613619e-01
2.754873381653988318e-01
-3.208679296705940764e-02
-9.072787777088924255e-01
1.004822008110179965e-01
4.425258264751321668e-01
5.681767070980658918e-01
1.122429781958338424e-01
3.887648332916295857e-01
-1.794527134443784644e-01
8.632068177401899245e-01
-5.690685023538724630e-02
-3.955999479226369742e-01
2.611709660857107762e-01
-2.150844170441381653e-01
5.851348220690444357e-01
-3.708530441914431597e-01
4.264200900257191229e-01
-4.793828790731682887e-01
2.837494750789419928e-01
6.384610126936953733e-01
7.612167402137521854e-01
2.672515658863879318e-01
-9.862485868600591177e-01
6.086320555932855925e-01
4.296519344139337893e-01
-3.145320478172783929e-01
-9.990708370340084521e-02
-4.284749754016485834e-01
-3.812783664088534863e-01
-4.269341064513554329e-02
-8.513859590316561476e-01
1.894005570648953363e-01
-9.042393434668190011e-01
-1.669995291066538046e-01
-1.245063613807369240e-01
2.869560968495774578e-01
4.911838413886968624e-01
-5.686944230619797036e-01
4.042344624866404112e-01
-8.997131519942420663e-01
-4.086428643053354737e-01
-1.918646466515114835e-01
2.778532798606621057e-01
-5.783978375378800996e-02
-6.465099133219449623e-01
-5.275557288326927496e-01
5.705458041079101150e-01
2.388217449827680916e-01
6.646145500246538607e-01
-6.796420239713146794e-02
-1.547598240567500394e-01
-6.972490274457303627e-01
-3.260752698355532386e-01
-3.250706894868286012e-01
-5.466534293738297690e-01
6.572789160430859701e-01
-7.506690415513495029e-01
-5.107597338070185566e-02
-7.223957456967822210e-02
1.712270101389596899e-01
8.391939117201596687e-03
-2.550525087885670006e-01
-7.035403688679942036e-01
-7.393186978942267729e-02
6.759363920729744013e-01
3.455629517964944331e-01
-5.840668504611923328e-01
-4.562682239177739962e-01
-2.667322884348027889e-01
7.087576313047948551e-01
-2.761284169715012560e-01
-4.020453345560863756e-01
-6.983598082692771269e-01
-2.121104251359517967e-01
9.482810926832021536e-01
-7.260377104183095565e-01
1.014951940119246387e-04
-1.644101885100411609e-01
7.317996115737689378e-01
-4.147397874942631568e-01
7.674907233376437876e-01
6.692308447540622485e-01
-6.434159017070927300e-01
-5.505158955824909217e-01
-6.325583990797383205e-01
-6.435846784487539995e-01
-7.217279612776639208e-01
6.529133069123234101e-01
-5.139223921856626021e-01
-4.726297514627790797e-01
7.248332521109990267e-02
6.297203203832064666e-01
-3.797701373193291818e-01
3.786738645403329162e-01
6.684780683488675823e-01
-5.136021745029605706e-02
-9.658139428999552578e-01
-5.486887566750575651e-01
-2.926007214445509597e-01
-2.043364902782477538e-02
5.446242670905310224e-01
4.760784455015870664e-01
9.475547258111247650e-01
-5.287276432170003870e-01
-4.131809105736741761e-01
3.928030813761247408e-01
-5.813929872713318181e-01
9.324596280851930041e-01
6.400655167730033845e-01
9.163753679955590759e-01
-9.402702432462300974e-01
3.459634547196468457e-01
-8.925766437085413951e-01
6.837645252379682681e-01
-6.090045452046464192e-01
-5.212684031844208032e-01
-1.000000000000000000e+00
7.451123134521904223e-01
5.680448234876525060e-01
7.318709725555527790e-02
8.798202907977826781e-01
9.885394489421266417e-01
-6.289114729123763681e-01
-2.288588214509467700e-01
-5.211325467021554747e-01
2.458924879702484578e-01
1.000000000000000000e+00
-1.000000000000000000e+00
2.083914252474694528e-02
6.992531811710108736e-01
6.636290962498954116e-01
5.182325863106821418e-01
7.723424667531437748e-01
9.233459691557435178e-01
6.000018552299004604e-01
7.207556654552422781e-01
7.551599896096150566e-01
1.315589638148397800e-01
-5.356139091797050833e-01
9.202647715720906341e-01
-5.023037385513591246e-01
1.469226119528307117e-01
-2.833000701811763666e-01
-7.764104990838586184e-01
-5.480707604314987158e-01
-6.240456396323947885e-01
-9.946531801613482937e-01
-1.588058649736794337e-01
-9.847986939022064234e-01
-8.321675285980622006e-01
-1.319324246275173085e-01
1.225781645172012713e-01
9.917550982398239956e-01
-2.264120884383673538e-01
-1.327495893066716615e-01
-3.542619578196808394e-01
5.506215322639471665e-01
8.912270616611115415e-01
-9.928536587211764797e-01
-3.283954618879988407e-01
-3.277917234970382232e-01
2.742640130350870731e-02
-7.979557751905532736e-01
1.755018856887699541e-01
-9.043947134208840666e-01
7.948954398684942024e-01
-3.055602851928707064e-01
5.430255197730746719e-01
-3.044956231632385268e-01
-1.361154651750033917e-01
-5.280631927865506725e-01
5.170221732444693075e-01
-7.810852422669554151e-01
1.330914983503908022e-01
7.089814518369367269e-01
-8.706610621488836133e-01
-4.614522513866061715e-01
7.173761147941166705e-01
1.348388785423118019e-01
-3.520202016244291521e-01
5.935462545843762650e-01
-5.980596488624220219e-01
8.949744607162091192e-02
-7.285605655472959796e-01
6.049268164651282476e-01
8.621174576893964048e-01
5.361168038623922438e-01
1.000000000000000000e+00
4.974559467491178055e-01
-9.413879466012815556e-01
-7.908057559008018211e-01
-7.170810326738987772e-01
-4.949373702932786667e-01
1.251371084187886673e-01
6.632518469180742615e-01
5.807005034893755191e-01
-3.514937008723904022e-01
-7.084964082479474623e-01
2.877774735973650522e-01
-4.193576090272419510e-01
8.886688459543644614e-01
-4.138754837906865047e-01
-3.804155418211617179e-01
5.412140784289205531e-01
6.329981891049253351e-01
2.611875544299668284e-01
6.437555858895678274e-01
-3.682052816800717165e-01
2.743286393586081839e-01
-4.099324915260221802e-02
-3.464249856711670295e-01
-4.676283373909695396e-01
1.004959866338817065e-01
4.375622212088730034e-01
-6.293530605415593726e-01
3.933992013234000051e-01
-3.154385064076421497e-01
7.599028673781471621e-01
5.180546250115026785e-01
4.586746954428513323e-01
5.516004279372208607e-01
-2.509378474353350930e-01
3.745159058513432004e-01
-6.369135787222721667e-01
4.558158577900534580e-01
-8.448896103413818803e-01
9.266264991709889653e-02
-3.330880251597404529e-01
-5.800424745729807485e-01
-2.322558802202743244e-01
4.572984933798101004e-01
1.011418321683972971e-01
-7.449577084676856087e-01
-7.673822642447343245e-01
-3.725347618333014754e-01
-5.063465898448895608e-01
2.853103388660978013e-01
9.718363017166405937e-01
-8.792829560577012371e-01
5.544649120091116323e-01
4.764681013688069622e-01
6.394319182774212962e-01
-2.600378935734545260e-01
-4.296950810947918198e-01
2.058655701027264362e-01
3.585764408834182237e-01
3.472662053546611283e-01
-2.898699101785122689e-01
-6.767490123871066077e-01
5.380847888122621825e-01
4.390720024871490601e-01
-7.894254190872467269e-01
-2.509003349411100814e-01
8.646447628753015091e-02
-7.194782570035631597e-01
2.165424178548917555e-01
-7.894110082602894263e-01
-9.409289997552501283e-01
-7.133893280326021324e-01
-5.241310179630875865e-01
-2.911987521747778640e-01
-3.793838456352250921e-01
-9.074760399117596243e-01
-2.987185958600012681e-01
4.837002257808031835e-01
9.705203475489617704e-01
7.235369728602316641e-01
4.502796075846902946e-02
4.284137631183801975e-01
-5.316990968109267524e-01
8.356092775472538925e-01
-8.992454039325116222e-01
-7.676985604476769254e-01
-9.064564793999807524e-01
-4.641875408589155594e-01
8.042942377994461989e-01
-6.316924970798352135e-01
4.682063358837929012e-01
-9.079620707657554135e-03
5.423894999867973077e-01
7.684753309700251833e-01
1.320948080194499497e-01
-8.344447475894060107e-01
9.236471529951393311e-01
-9.953440053285581568e-01
-4.856595070439440054e-01
-2.064377957391456686e-01
3.091018224610215803e-01
-9.338389178897141818e-01
3.166651538565988244e-01
-4.060232732032482694e-01
5.728521017447234520e-01
