-1.838503700000000129e-01
-4.666301400000000266e-01
-2.916310999999999765e-01
4.233001599999999809e-01
-8.339037999999999728e-01
-5.749177199999999655e-01
6.581263200000000424e-01
8.398271800000000065e-01
6.463993799999999679e-01
5.472715700000000405e-01
-1.120944400000000035e-01
4.284345999999999988e-01
3.719244099999999831e-01
-3.360970899999999872e-01
-6.696914299999999765e-01
-9.470917899999999889e-01
-9.242079500000000003e-01
-7.838008300000000039e-01
3.488541000000000003e-01
-3.119180799999999865e-01
-8.035515500000000033e-01
-4.298409000000000257e-02
-8.061520899999999878e-01
-7.966372299999999740e-01
5.164583000000000368e-01
2.933704000000000173e-02
-1.160161999999999999e-02
-6.262028999999999512e-02
-2.823991800000000274e-01
-3.309219000000000049e-02
-9.355143999999999960e-02
-5.377462100000000023e-01
9.853582199999999514e-01
7.355419100000000210e-01
4.374033199999999844e-01
5.344025900000000107e-01
-5.015678000000000081e-01
-3.941335400000000044e-01
-5.289506000000000069e-02
-2.543466799999999917e-01
-3.056660600000000172e-01
2.188296200000000025e-01
-6.877029799999999637e-01
7.494908300000000523e-01
-4.782385699999999740e-01
9.654270000000000351e-01
-8.933693200000000223e-01
6.681880199999999936e-01
-8.291140200000000071e-01
7.874783400000000544e-01
2.037932399999999866e-01
-7.413071000000000244e-02
-1.496680300000000075e-01
1.764151300000000033e-01
-7.754425299999999632e-01
5.776135399999999809e-01
8.121750399999999592e-01
-3.871918300000000146e-01
-5.351756600000000530e-01
4.894592099999999779e-01
1.650367100000000031e-01
6.323044399999999676e-01
-3.177609699999999759e-01
5.472941099999999448e-01
7.243102099999999544e-01
-8.251855500000000454e-01
6.301491999999999649e-01
7.635360599999999609e-01
7.391620800000000546e-01
-2.534559999999999938e-02
-5.322571099999999777e-01
-6.743326299999999884e-01
-8.892701999999999551e-02
-9.358710500000000376e-01
4.907407100000000244e-01
7.743703199999999454e-01
-2.380511700000000064e-01
-6.278064899999999948e-01
4.048767500000000075e-01
8.998697100000000448e-01
-8.349988400000000199e-01
6.196924900000000402e-01
5.923326899999999950e-01
3.136722900000000203e-01
2.113462600000000080e-01
1.568004100000000012e-01
-2.293182699999999907e-01
6.230998599999999499e-01
7.340979499999999991e-01
2.141030100000000103e-01
-9.125957700000000283e-01
-4.026800300000000221e-01
3.166566900000000184e-01
-6.654586200000000007e-01
4.708436400000000077e-01
3.230076499999999795e-01
-6.464385400000000059e-01
3.875385800000000214e-01
-9.126550799999999519e-01
-7.131777200000000150e-01
-3.712607700000000177e-01
-3.026493100000000047e-01
-7.854964199999999730e-01
6.632060699999999809e-01
-5.428220900000000348e-01
-8.167687599999999826e-01
2.378115000000000090e-01
3.772484199999999732e-01
-3.778469199999999750e-01
-7.676762299999999595e-01
7.486625799999999664e-01
2.724223000000000061e-01
-4.099733700000000036e-01
5.518998699999999591e-01
-2.368096100000000037e-01
-2.660614700000000221e-01
2.926114799999999794e-01
-7.270206500000000460e-01
-7.812400299999999742e-01
1.555700799999999995e-01
4.197747199999999901e-01
-7.823118100000000519e-01
-6.787467200000000256e-01
-7.367543899999999812e-01
-8.476856299999999678e-01
-2.960715199999999769e-01
-6.641537699999999766e-01
-4.574414199999999875e-01
-4.570214000000000221e-01
-1.619517799999999896e-01
1.797431200000000062e-01
-5.141413200000000128e-01
-2.621735299999999880e-01
-3.150558299999999812e-01
7.032051799999999853e-01
2.812697000000000114e-01
-8.382402199999999803e-01
-2.467211199999999882e-01
6.144696499999999784e-01
8.919540700000000433e-01
-4.981356000000000117e-01
-9.503976600000000330e-01
-6.104441200000000345e-01
-6.036777700000000024e-01
-9.161646399999999746e-01
7.827479299999999807e-01
-1.998101300000000025e-01
-4.687507100000000149e-01
-1.818953000000000098e-01
-1.439796700000000040e-01
-2.694858099999999923e-01
-7.047256100000000023e-01
-1.000000000000000000e+00
6.560821300000000411e-01
-7.202062500000000478e-01
-3.442155700000000262e-01
-3.519851999999999703e-02
6.804106000000000043e-02
-5.628435200000000416e-01
6.750721200000000533e-01
7.465405999999999986e-01
5.307442900000000074e-01
2.758479999999999786e-03
-1.860062199999999999e-01
8.540756499999999640e-01
-7.227005899999999761e-01
-2.798129100000000258e-01
-5.078944199999999576e-01
-2.711363800000000102e-01
7.421656399999999598e-01
-9.411776800000000165e-01
-2.179812799999999995e-01
4.268810900000000186e-01
5.236185799999999446e-01
-4.170437000000000172e-01
3.066604099999999944e-01
8.537813199999999547e-01
-4.488538000000000250e-01
-1.625298400000000087e-01
-2.911464899999999800e-01
-8.937237399999999887e-01
-8.700665800000000338e-01
6.376196299999999928e-01
8.957701099999999528e-01
-2.426519400000000104e-01
-8.010524900000000059e-01
1.965764600000000084e-01
6.619747599999999954e-01
-8.629386100000000503e-01
9.729855299999999874e-01
-5.950152300000000061e-01
-4.494083000000000105e-02
5.017816699999999575e-01
-2.888090999999999853e-01
5.684030999999999806e-02
-9.141710999999999587e-02
9.334742299999999604e-01
7.013281999999999572e-01
-4.354925099999999993e-01
-3.004218200000000061e-01
-4.293013800000000102e-01
-8.095797799999999711e-01
-8.866127999999999509e-02
-7.221912200000000226e-01
-8.654775900000000188e-01
-1.850522699999999909e-01
-9.110614599999999896e-01
-6.316274200000000505e-01
8.286299000000000303e-01
9.564081399999999622e-01
-8.090798200000000051e-01
4.840596999999999817e-01
6.521080000000000210e-01
3.491547899999999927e-01
-5.122541099999999847e-01
-4.021740999999999788e-01
6.774897899999999806e-01
-2.519659300000000046e-01
-2.289189399999999874e-01
9.508038399999999557e-01
5.295879199999999898e-01
8.776165299999999503e-01
-5.514420399999999667e-01
-8.716907299999999692e-01
4.695543899999999882e-01
-8.833473899999999546e-01
-4.862853000000000314e-02
-7.060893400000000097e-01
-3.840124899999999841e-01
2.404466899999999907e-01
-1.000000000000000000e+00
4.247423900000000252e-01
8.449685599999999797e-01
-4.670769599999999855e-01
-8.027888800000000380e-01
-9.628275299999999870e-01
2.083961599999999970e-01
7.191148899999999511e-01
5.405216000000000465e-01
-1.510027600000000136e-01
-2.778422799999999970e-01
-4.704412099999999985e-01
2.316311100000000012e-01
5.049001600000000423e-01
3.365854899999999872e-01
-2.656073400000000251e-01
6.234739999999999727e-02
-1.032373600000000002e-01
9.461177100000000006e-01
9.952206999999999582e-01
1.723869799999999952e-01
-8.884419000000000344e-02
-7.776367600000000380e-01
-3.048340900000000020e-01
6.982352400000000348e-01
8.595616299999999654e-01
-4.792451300000000192e-01
-1.000000000000000000e+00
4.975943600000000133e-01
-4.599162600000000212e-01
-6.535075299999999476e-01
2.087462900000000010e-01
-7.909804200000000174e-01
-4.995651300000000239e-01
-6.987415599999999838e-01
-2.128921099999999955e-01
-8.875354699999999930e-01
-3.955778999999999823e-01
3.491972300000000251e-01
-7.582740700000000222e-01
-3.840848000000000179e-02
2.982573199999999924e-01
-9.796752000000000238e-02
4.953406899999999724e-01
9.126903899999999625e-01
5.772050899999999762e-01
-8.435531999999999753e-02
9.971737800000000096e-01
-7.620025700000000457e-01
-9.948360800000000115e-01
-9.707809800000000156e-01
-6.482766599999999491e-01
5.419299300000000041e-01
-3.123061400000000098e-01
2.729725700000000255e-01
-6.634179799999999627e-01
3.778631199999999968e-01
-6.327076000000000366e-01
4.878177000000000207e-02
-6.632665100000000313e-01
-9.862118500000000010e-01
-4.851557899999999757e-01
1.999566299999999963e-01
9.828783199999999720e-01
-9.792473000000000427e-01
