-2.888244970006063617e-01
2.968183051683659368e-01
1.917119059120594993e-01
6.699227349439866863e-01
-5.141564860981344687e-01
4.240979521537036057e-02
-5.794605959271765805e-01
-1.875797434128207986e-01
6.568212477095782820e-01
9.204037451907454148e-02
-9.129682346697584050e-01
2.190671303898068523e-01
8.422191622046185655e-01
1.910400665870641279e-01
-5.468208040532396286e-01
9.104016836684795111e-01
3.080409876783507528e-01
-9.524413318581781418e-01
2.574678492695785526e-01
-5.401956987739483518e-01
-6.432403478189987478e-01
8.884900672956363987e-01
-8.979387691709550534e-01
1.267969534407018539e-01
4.377153016941957575e-01
7.179993231741529924e-02
5.319349289477383336e-02
5.019409146281923473e-01
-6.017961280051622452e-01
-5.533020739647285247e-01
3.305350604380006274e-01
4.077508320765786953e-01
5.709399802799856177e-02
7.358334520747444873e-01
-2.863060672516272442e-02
2.882677227232344208e-03
-8.499956901240108831e-01
-2.119785501728756183e-01
-8.280777417494600279e-02
-5.006872648236170703e-02
-5.324794725163017883e-01
-8.102795161187088535e-01
-5.186450245983798002e-01
2.797006103728759685e-01
1.000000000000000000e+00
-2.436225829471563853e-01
-1.475538987768678645e-01
-2.645896879040119387e-01
-1.000000000000000000e+00
-2.458612114155938055e-01
1.926325914461228250e-01
-8.868934882029034794e-01
7.943810750319456604e-01
-3.395193926698800713e-01
4.433130697799436692e-01
-7.312945146078614345e-02
3.163006202879468237e-02
6.089192681955968300e-01
-1.667573641582833499e-01
-1.448101700342434295e-02
-1.588111004995578224e-01
7.096508223149278205e-01
-5.354855864029319790e-01
2.793954446812018655e-01
8.378931060498697736e-01
-5.057622235404848343e-01
-8.059842835576227493e-01
4.647499575219391499e-01
-6.981421641895142471e-01
-1.914706628752992912e-01
7.296829533802493550e-01
3.226972819848386020e-01
-1.265283848845148718e-01
8.796663395879773528e-01
-2.179561984340272485e-01
-8.662034674024442493e-01
-5.118411815541670240e-01
-8.454966227726945505e-02
-6.865151062889860434e-01
-9.197624875497811825e-01
-5.750648750730738001e-01
1.862404795220641562e-02
-7.406197496711326433e-01
-7.842235733102995709e-01
-4.782749604890181860e-01
-3.952203027544193281e-01
-3.598186666230752118e-01
1.098077747354011258e-01
1.175115039542864448e-01
-3.746068010968610640e-01
3.026747939350324934e-01
1.423161139302700218e-01
-6.199114040881799070e-01
4.718618169194177536e-01
3.399989367491313974e-01
-9.586574111803296550e-01
-1.000000000000000000e+00
-6.811789913365433602e-01
-9.733086277987738066e-01
1.371349571539437484e-01
9.521692437906222883e-01
7.591411840070678707e-01
6.487933486600074851e-01
-5.194737917216409873e-01
5.269957414203148005e-01
-2.081940460537285986e-01
-3.078592215901005957e-01
-2.741118116668834759e-01
6.467521343270974388e-01
-3.085516220537518617e-01
-3.642436173577803804e-01
1.018294444448202690e-01
-6.216318380475117644e-01
3.612469278388009131e-01
5.467483486077472365e-01
3.728462056606089425e-01
8.456182007120418564e-01
8.997051315218136391e-01
-9.164791533054410522e-01
2.762737584354286735e-01
5.213536782398437985e-01
4.630343951530091484e-01
-9.075014980687896582e-01
8.055170957624333550e-01
-3.047560961768044571e-02
-4.561024989957147557e-01
-6.680285119996702825e-01
-1.000000000000000000e+00
1.547887184462881649e-01
-7.335357203097100376e-01
-9.443317401533986022e-01
6.163842596115560735e-01
1.458153851139729340e-01
2.286207355292988463e-01
6.642987009588370295e-01
7.412222425486627575e-01
-4.385761573207388464e-01
1.430874362818346235e-02
9.248123358574686925e-01
4.876793560635641622e-01
-4.072356675686519267e-01
-7.244793809511596017e-02
-8.340219571213867145e-01
9.482531055577340107e-01
-8.117093412844795797e-01
-8.454596911436136342e-01
-7.915618779653341708e-01
-7.538563440165451102e-01
-6.970315535622053638e-01
-1.275738061470257645e-01
1.094076678251698631e-02
7.006951960382726829e-01
6.304002170981566344e-01
-6.565754005473091182e-01
-2.540041670413798469e-01
6.280866651002917633e-01
9.329920411077274878e-01
-7.135183574645751481e-01
5.314608105181117814e-02
4.023475095390583456e-01
-1.371413089839831900e-02
7.260979521465849018e-02
-5.824167733991661433e-02
3.095826166808841595e-01
-2.886822314767989450e-01
-8.615631586894150207e-01
7.453129002892950883e-01
-4.812470857028477433e-01
9.312717340709163460e-01
7.194889556269679076e-02
3.435291541669451831e-01
-8.375348279595096201e-02
-5.363884038980470947e-02
-9.666731120126978993e-01
1.926440633602571895e-01
3.806388961565682072e-01
-5.033744360447103272e-01
4.595274113655456460e-02
-4.501344540514951031e-01
-1.008014987833665277e-01
-1.525938317122719212e-01
-9.220550928623558740e-01
-1.362597548245725321e-01
-2.003468549495144024e-01
-2.596008335828570712e-01
-4.023643877381994916e-01
7.003007892278854118e-01
9.308722933584678838e-01
1.316657100693769955e-01
-3.900201999836776512e-01
6.341902882648871032e-01
-6.467664625951298207e-01
3.509431315596818202e-01
-7.747021835534557699e-01
5.594476908450902730e-01
3.341135487876355503e-01
5.109287629095123906e-01
-9.076951666151428233e-01
4.486314229609884574e-01
6.051725427071843466e-01
-5.239061628357895017e-01
-4.941772807736590223e-01
9.952387805752128669e-01
4.592805124783005954e-02
-4.171344156931686836e-02
4.173109890065110905e-01
8.379442833248691436e-01
-4.692384040976607107e-01
-7.945549034375627429e-01
-3.188511819054022922e-01
-1.157356204622221885e-01
8.933296462216433476e-02
9.767990634170773401e-01
2.413462126683298958e-01
2.863703939396352038e-01
7.008701967951290746e-01
-6.514775142076663084e-01
-6.685217089907671273e-01
-7.063789708652634669e-01
6.347932662260256098e-01
-3.750031270718050536e-01
3.326165691431248739e-02
6.148668894306459354e-01
9.761683905789717564e-01
-1.859889040746438571e-01
-7.990756736814013106e-01
-3.490438216221469769e-02
-2.629462655076766353e-01
-8.166073434446515789e-01
-7.272051971459285724e-01
-4.589131039728315542e-02
3.032944150913994275e-01
-4.766942472852903623e-01
8.107408580060049275e-01
1.000000000000000000e+00
-4.932297971549477467e-01
1.450312539272143042e-02
5.788730246917330735e-01
2.909970706167336330e-01
5.244293997324095402e-01
-8.637380500397107141e-02
7.671451033331890823e-01
-2.741157203343078663e-01
3.243237235689693243e-01
-6.218876822612906530e-02
-8.304929898537874999e-01
-9.278294104634028372e-01
2.898230978207165243e-01
2.159824570323460868e-01
-5.486616002681916210e-02
-9.102838861048481167e-01
-7.562430381856755091e-02
-1.325578378951083880e-01
4.704328713164029896e-01
7.074719847598933686e-01
-1.000000000000000000e+00
-2.732359062835910124e-01
-1.038837914018255759e-01
9.240962464831772305e-01
-1.740635609755119759e-02
1.285417521453906531e-01
-9.815991960844895337e-01
-2.734072404364673581e-02
8.926670816804688213e-01
2.561106461664754974e-01
