2.675002114751472426e-01
9.931659380485111654e-01
2.982708619005097206e-01
-4.849840903520084567e-01
-4.413342607347103819e-01
-7.470304147145403473e-01
4.140798432511416660e-01
-1.522065462481716480e-01
3.822816027898263691e-01
6.776877260188007845e-02
7.917775723741629079e-01
-8.896114911676133996e-01
-3.004300513739797118e-01
9.335520595778015185e-01
-3.173251124844900239e-02
-3.980059600541641651e-01
2.639383216888333550e-01
-3.331549735912204824e-01
-6.803357725358962771e-01
6.103501869726635221e-02
-9.605391429516856316e-01
-9.169052589723909463e-01
-5.765316088184140320e-01
7.615903775951782251e-03
-7.491380329025885132e-01
-4.722388374594483906e-01
-1.954912335214844532e-01
-7.773690883342787572e-01
8.985340425834231759e-01
-8.453153466283971351e-01
-7.875624593493986136e-01
7.575547126634096795e-01
-9.388285856266369578e-01
-7.427876733564531264e-01
-5.914458353685492220e-02
6.963483155759107868e-02
-6.924230771604753532e-01
6.499919877181949968e-01
-9.729296418346191633e-01
3.833005025146392630e-01
-9.002286877719025693e-01
-1.000000000000000000e+00
-7.278858826027285733e-01
-8.106406369911691723e-01
-6.522157977948609409e-01
4.582802006071355905e-01
-8.195382089126479475e-01
-9.473195378634386987e-01
-1.837493426302196364e-01
-1.891203709192350590e-01
-9.217396230389041101e-02
-9.815672081914663671e-01
-1.139878642737444103e-01
-7.380678068877921660e-02
5.641095439410505064e-01
-8.184264995155976496e-01
-2.696055266532606520e-01
-8.414747205147198317e-01
-2.977782166496847349e-01
-1.598684630297562137e-01
4.406259187225773921e-01
4.707540955392017779e-01
-3.873447615737521943e-01
2.464116626946537547e-01
1.744833408677357589e-01
-1.578637821537706987e-01
2.573962484656198146e-01
6.957016714837116478e-01
9.996077941151737534e-02
-8.752455137070513924e-01
-7.708330201614999044e-01
9.806084445042939635e-02
7.842490693553973991e-01
-5.905269130312664760e-01
1.604127993522882767e-01
-3.461824690976700314e-01
4.820199867372973457e-02
5.960475975705765705e-01
-8.054771056387590722e-01
-6.017942377948957144e-01
2.582695222272359814e-01
8.532797850861513211e-01
-2.559712132122647366e-01
4.359353557933796086e-01
-4.082203889674969055e-01
-4.694413947121616193e-01
4.264587611958903235e-01
2.218988288791745589e-02
6.019237604030236444e-01
-1.632759924111475414e-01
-7.325762081847049245e-01
2.282642351045347517e-01
7.261647754539084509e-01
-5.576348787647280592e-01
-5.123604814296309762e-01
2.474945459306021611e-02
6.162328766129514523e-01
9.179590369728765631e-02
-5.147522166975404545e-02
7.443769672157298789e-01
-1.188986892847656573e-01
9.093726522272458368e-01
-1.179619403735807648e-01
7.371377290379541591e-01
5.045544190589581479e-01
-3.569900157384999217e-01
1.248975712906772451e-01
7.434820571797018385e-01
-5.385636599690122317e-01
-3.167425167246364914e-01
-6.238115573425917493e-01
1.695561670466225745e-01
9.197112402349233440e-01
-7.171897303725938144e-02
3.448873851668778912e-01
-8.799608520045565374e-01
1.371133162874516032e-02
-1.630548247179377519e-01
-1.145897990830979651e-02
8.761092144924904623e-01
4.159394964487697077e-01
-1.693665988245520726e-01
-7.692873980986616456e-01
1.077076027045213991e-01
5.657741830345923706e-01
-9.599479188158632770e-01
-8.847274552301864770e-01
7.787967218896384436e-01
-4.380986478223078961e-01
3.706952136501772688e-01
1.249521673659741428e-01
-8.965798442281147640e-01
4.440476840538218894e-01
3.415405608082930367e-02
-4.657616522423955185e-01
1.357659711550058823e-01
7.620754453486392466e-01
-4.609412637533916168e-02
6.535492674835718940e-01
-5.400830314429794221e-01
7.800538275098556351e-01
5.316740861457376344e-01
5.268610144688308239e-01
-6.962754544466855933e-01
-1.000000000000000000e+00
9.005337017542891509e-02
-9.884267143540310663e-01
2.293406510878603921e-01
-3.737180650655707037e-01
-9.039321103372441879e-01
-5.754400769635923396e-01
-3.622078641426862422e-01
-4.349246838930498349e-02
-9.565347710486835631e-01
-6.321443054249100690e-01
6.992314070897227563e-01
2.931269065857081690e-01
-7.646801787974395470e-01
-2.561436086169894821e-01
-6.815438829986546487e-01
-2.785021511039602604e-01
7.272824827431569883e-01
9.108042970278190653e-01
-3.635917957451906268e-02
2.158383577472875459e-01
-8.722489158518582641e-01
2.784705751380829319e-01
5.278879087820900207e-01
6.082092418647513377e-01
-5.660083177173655944e-01
-7.722440392924256880e-01
-6.702123342857411181e-01
-1.807363342280696727e-01
-2.264334277511289573e-01
-4.593446040716200329e-01
3.033586489335216019e-01
6.132356909112046672e-02
3.642226624333387841e-01
3.494384254822220370e-01
-9.511121262713523317e-01
-8.892111035714844736e-01
-4.747815626860165672e-01
7.688878363047564335e-01
1.170581185997470186e-01
-2.999053971841061372e-01
1.885334171537089709e-02
-8.233927999762482575e-01
-7.389369565025429853e-01
9.326123880109133957e-01
7.787511441093470932e-01
1.440316889130166533e-01
9.871431099260108422e-01
5.659778351934914298e-01
3.889135691138965178e-01
-9.306225009490068922e-01
-5.917351899588538799e-01
-9.671918968093533575e-01
-7.580109850245513314e-01
-3.521090198583258779e-01
-7.818564473307323404e-01
-1.480053302671957560e-02
-4.116981448199299454e-01
4.431790619610949111e-01
3.835569500002100618e-02
-4.940845151035069271e-01
1.627805141432954184e-01
-3.268938444932736331e-01
1.580705945271931867e-01
-1.992295981892349133e-01
-9.147915451801631459e-01
2.056043997128549350e-01
-2.305484393607049043e-02
4.045348601816731726e-01
6.762888172302308210e-01
-1.505586101701084090e-01
3.086288832380164049e-01
-8.487632258709479349e-03
3.377023745559919465e-01
4.220312501954375239e-01
-6.732630219858293241e-01
-6.858087622214714685e-01
1.668948878767265165e-01
6.691655718144295939e-01
-2.591101310626315879e-01
-4.284930436616714022e-01
-8.544474165036590740e-01
3.908608257050847357e-01
2.877790033038769568e-01
-6.345083838958798239e-02
-3.338731284175462388e-01
4.333345271928985554e-01
-5.110424900151167016e-02
-7.440852624018858830e-01
-7.532735410112296748e-01
1.519234019796318336e-01
-2.917109211769350896e-01
1.117162541755043481e-01
-1.316467129670801928e-01
2.403226724910234591e-01
-8.917410844684925397e-01
8.547702322087420423e-01
-8.443001020174294435e-01
3.902494440059989245e-01
-6.548414394435719821e-02
-9.851524716391373282e-01
-2.058678735845547170e-01
-1.194099911536861958e-01
2.888474741794564427e-01
6.213761327786080368e-01
-9.932157515651327540e-01
6.119137095790525560e-01
-9.403782691411333161e-02
-6.886719823459503953e-01
9.276673166965401229e-01
4.036991272287002719e-01
8.306920215207479474e-01
-9.201731411857567711e-01
-6.504261831509450253e-01
-4.794627416332863934e-01
-5.748897931620173818e-01
6.919843229143836094e-01
-3.547637953617586160e-01
7.011943910615816566e-01
-8.948750905602209649e-01
5.266588460179619791e-01
