-1.503913337561695318e-01
-5.826397853567573115e-01
2.069357412967169907e-01
8.664640362256434969e-01
1.453279154783995164e-01
3.990326481297243877e-01
3.303657786669027541e-01
8.678268648833735721e-01
-9.292706940153412365e-01
7.018941687961988141e-02
-1.000000000000000000e+00
1.827808827172725525e-01
-5.507165438541656854e-01
9.438240608394552478e-01
8.714632563138365873e-01
-7.510138208482193267e-01
5.067171735663585919e-01
6.685902072418830056e-01
7.172500869128848322e-01
-3.311246657572960300e-02
3.951953066003598414e-01
-3.415461010102638362e-02
-7.578545900827078352e-01
1.152466708722923450e-01
-2.983334899709289001e-01
-5.697244921702684373e-01
5.233283640081569654e-01
-2.488646887456638090e-01
4.716839969180164349e-01
6.241649944877385447e-01
3.582302587548253925e-01
6.998826124753401157e-01
-2.764281660754290826e-01
-2.087671895929721355e-01
8.587564904896511919e-01
-7.459184084603205367e-01
-2.997403220002679003e-01
-5.682818677386286543e-01
-2.783566971809021684e-01
4.179924527738025919e-01
7.526350746735688269e-01
-5.722234491799547129e-01
-8.418012164804336006e-01
-3.996152014146756581e-01
6.881100458354685312e-01
6.311859600637941270e-01
8.897436441219359615e-01
-1.970656163704838093e-01
1.714225084950538047e-02
-8.921994211571109279e-01
-2.062216103332810135e-01
8.693821415203069058e-01
-9.858907466153856713e-01
3.798661304396724891e-01
6.099057670882552795e-01
2.176521589501680953e-01
8.188239431819845926e-01
9.027665963563251683e-01
7.867104418372068420e-01
4.893914472976897967e-01
5.930686329272722990e-01
3.974064953584874327e-01
-1.076670859180968165e-01
-9.678659618787457397e-01
4.527023421985911789e-01
5.260023246944300901e-01
4.470379108116533384e-01
-6.532308728912936679e-01
-7.280306706234760394e-01
4.542543436648267541e-01
-6.692840261613277608e-01
-9.155582780737219206e-01
6.186099372338005331e-01
2.355538144059594052e-01
-9.500419833630495692e-01
-5.194937388604111694e-01
-3.662894104403628948e-01
6.211324916686122855e-01
-5.202911984737373929e-01
-1.035628492079576912e-01
4.669261651220599774e-01
-2.307205164384404927e-01
-1.398303994261445582e-01
-8.725402227508853858e-01
7.526662841179492247e-01
-8.308783392295133741e-01
8.981302975047419368e-01
6.651352662752691991e-01
-7.325881037119150729e-01
5.874368848962754353e-01
8.404641338863405586e-01
-8.818103167292574707e-01
-9.060743687225523146e-01
-6.218621982232590550e-01
-8.924022504129367483e-01
-4.295347256837356298e-02
-1.371871406046099029e-01
9.851873465128693219e-01
8.900320694627961160e-01
-7.556947094567829648e-01
-7.250459940570037620e-01
1.746720047258176756e-02
-7.719812560592760331e-01
-5.787953024355715348e-01
7.324955559433971031e-01
-7.282822279515450692e-01
6.465669375717928435e-01
6.162745382333696398e-01
-5.853409410269438951e-02
-6.501520643482463502e-01
4.701862333969972774e-01
-1.785907096646648373e-01
5.750311716744168633e-01
-6.084355670360954704e-01
5.776382661158494525e-01
5.288005492190865908e-01
-4.855465631659467984e-01
-9.609081508062631283e-01
-1.011249925008739226e-01
8.207347433752509858e-03
-3.949327514756308943e-01
6.419895514242215384e-01
-5.043969454498118399e-01
3.947449305118169161e-01
6.006592519086907667e-02
7.186985201993753569e-02
9.888270821968835333e-01
-5.885431989291174393e-01
-1.000000000000000000e+00
5.313676808491534231e-01
6.231352559680778391e-01
-6.690056829225266011e-01
2.429251320269220638e-01
-3.705391558489918857e-01
5.942669886927209877e-01
-9.714798088293139511e-01
6.257981808788704026e-02
7.517088347471481136e-01
-7.652255299901239427e-01
-1.040354774335983112e-01
2.243863329323443345e-01
-4.953255308167749948e-01
1.000000000000000000e+00
-2.817768845902963726e-01
5.375579796136147337e-01
8.764630811843716618e-01
6.658187121315866097e-01
-8.749026290644650317e-01
7.576865118859468229e-01
-6.698570731318728155e-01
2.212089187709003202e-01
1.209090896317999153e-02
-9.846240825281526998e-02
-9.208521437232763951e-02
1.077340015902630010e-01
-6.271948458978084950e-01
6.808383871310723645e-01
4.750774666573042149e-01
-7.545869357559871204e-01
-2.619510740662294168e-01
1.520296689603317375e-01
-1.730663088077786238e-01
5.939000536000524910e-01
-8.554305557427708262e-01
-1.000000000000000000e+00
-1.889274729193703983e-01
9.416444566978668940e-01
-2.497091749592552645e-01
2.711946759977329480e-02
2.093105082048768162e-01
3.222764673865060603e-01
1.891671165978740798e-01
9.600719258881194040e-01
7.695283409484410253e-01
8.758737685309070375e-01
6.362114228165907104e-01
6.405567747514255839e-01
-3.069465701409166414e-01
-3.671484433595513241e-01
2.492904026554405572e-01
-9.340865930133790407e-02
-4.785335406771670796e-01
-4.605317589018738111e-01
-2.502288190589341266e-01
4.631545540593157151e-01
-4.038091722185463417e-01
8.887621566954151398e-02
3.104160824902122418e-01
-7.762661292957044878e-01
3.954620076520602989e-01
6.883074170895667754e-01
-8.373073896273328653e-01
9.707690891916334053e-01
-9.003670395922460656e-01
3.562685233825932940e-01
1.000000000000000000e+00
-8.281353863664553394e-02
-6.065253132253063395e-01
-2.048758724873518400e-01
-6.723089404651386713e-01
6.783594474722978163e-01
2.077772412040723715e-02
1.000000000000000000e+00
8.522318748652188969e-01
-7.605740571113954740e-01
8.764045509831259739e-01
2.403701597799949852e-01
-6.514320497162792156e-01
-7.989391473696347834e-01
-2.670990286407143310e-01
-5.725324409875167664e-01
-8.331790165847661189e-01
7.674157824584233456e-01
7.378409575375575180e-01
8.383074407675226158e-01
-5.489734589075072613e-01
3.226420318991407576e-01
5.685405051091018125e-01
6.184774091861247047e-01
6.214809274569108727e-03
-9.999635815557073037e-02
-8.384956061952666406e-01
9.122162914264508871e-02
5.675234757320195556e-01
3.224081973089092945e-01
3.441170786666414294e-01
-1.986585546433208282e-01
-6.947430745689138210e-01
1.262915033892443861e-01
8.046787344697934330e-01
2.109531529688699336e-01
-6.515987996366725543e-01
-1.517225915139186476e-02
4.983083449976726254e-01
8.646136978703011788e-01
1.842651759938319089e-01
6.635789786445582816e-01
9.540710340116707044e-01
2.888803379635203061e-01
-4.891068204201978187e-01
-9.794076233613966398e-01
-7.929459395712312730e-01
-4.147292615747112388e-01
-4.977527680992543946e-01
8.887762686949536306e-01
-7.810581648840131397e-01
2.576022644533768613e-01
9.801848839849183204e-01
8.071225923719138606e-02
7.858530269005514768e-01
7.530074309763645779e-01
1.271718518005582332e-02
-3.677932512947625909e-01
9.551467547490797294e-01
-5.009420644514972487e-01
2.242080325842219501e-01
-9.208384617715075215e-01
-3.736183075790823205e-01
3.520031022259151321e-02
2.792703018490461098e-01
-8.095314021971642404e-01
4.555035457372502705e-01
3.532970786298950117e-02
7.899078144133202528e-01
-9.369809465742195975e-02
