-9.249460466566634675e-01
3.885682944121853222e-01
9.742871458244237726e-01
-4.201849205228986861e-01
-4.858866763667750721e-01
-3.725961556649663997e-01
-7.083249746809683334e-01
-2.020206108775728093e-01
-5.996356791141019826e-01
-4.500350152750591803e-01
-6.585075951644714376e-01
-4.871230505262443278e-01
-7.251045554566895035e-01
1.136642780935170904e-03
2.153297748277585022e-01
9.297731789501155752e-01
4.706372985752371729e-01
-8.412349541515364848e-01
1.808804478034209406e-01
7.138716879928754810e-01
-3.258929989574341768e-01
2.926996865965973971e-01
-9.773859457678284457e-01
-6.470126659124031399e-02
6.686657474967170334e-01
-5.638455429313593559e-01
7.301889584062359884e-01
3.534301018670911176e-01
-2.593308994779808252e-01
4.701216027634729233e-01
5.894974003438859800e-01
-1.145178058184934677e-01
-3.932580791465973835e-01
-6.509870309706426994e-01
-7.499429339088941049e-01
-1.036755014717212209e-01
4.730821488507706007e-01
1.992699937765285423e-01
2.994704976007092068e-01
5.757198940676531151e-01
8.615489527610122877e-01
2.333959563585827901e-01
2.680094477007357590e-01
8.928718392506018731e-02
-2.164251508318311978e-01
2.811645812087830709e-01
-1.008200151537264055e-02
4.260110978029896245e-02
5.697361021686832006e-01
-3.824717046729053660e-01
1.794950578715552858e-01
1.212755511541545594e-01
-8.451293089399393166e-01
2.254326617109425612e-02
6.910360211895589799e-01
5.756246513762943717e-01
-4.980682805267044877e-02
2.119804520770676437e-01
-3.724810498614627985e-01
-1.527921098707829828e-01
9.357127921834296203e-02
7.760740074615357642e-03
7.086399541049066553e-01
-8.371102987860385980e-01
1.419656917004541441e-01
5.815428116777147105e-01
-3.395887158826726981e-01
-3.823913615201268712e-01
8.958251516380484336e-01
-3.366423229907762327e-01
-3.107749871184037893e-01
5.092022706345649130e-01
2.966933529971744754e-01
-5.898439979296516977e-01
-1.000000000000000000e+00
-3.371171242623822728e-01
1.607363187530985726e-02
3.540406984223953835e-02
4.044535013510330845e-01
-8.118249115057991627e-01
-8.545694737144631237e-01
-7.761173574213764415e-01
7.864802797664760536e-01
-1.914649926661087243e-01
-7.615896310012375547e-01
4.960927907619951949e-01
7.482783545267636394e-03
1.213862224094657272e-01
9.187129740057187188e-01
8.737190119660733778e-01
-9.390165310472324833e-01
8.230450285450869874e-01
3.375816797495221344e-01
5.818808747153789707e-01
6.727914770521434829e-01
6.566994768674172533e-01
3.035459649713695418e-01
3.451451235013083263e-01
9.715200771062353358e-01
-3.518471206304769616e-01
6.321119741110357015e-01
-7.596219479564800814e-01
-1.411710007100020203e-01
-2.558786212776043012e-01
-3.007780527521988212e-01
1.436503794297554482e-01
4.088487197758736702e-01
9.062999076209634630e-01
-3.165767041118707770e-01
-7.564135435649854688e-01
-2.659818856047910796e-01
5.403618764048350176e-01
-9.239848709899458612e-01
3.668213211480115810e-01
-8.406223197534958835e-01
-4.846592555835125271e-01
-1.645438183337333271e-02
7.042454794590151668e-01
8.522102297143676619e-01
7.423259052807384961e-01
-5.951011567658439638e-01
-8.297245887750387405e-01
8.450282346674264922e-02
-5.085002770508453285e-01
1.857577521879769655e-01
9.029471575959840957e-01
-3.856545782323210769e-01
-8.755797016178723524e-01
6.515573950866428987e-01
-6.262899775142716230e-02
3.874539938000065575e-01
-7.585365849796610327e-01
2.974434764267663844e-01
2.022412069131518386e-02
-1.630562514024951337e-01
9.615825835757554341e-01
3.318975246973860926e-01
-2.681171169472462701e-02
-5.128833129318375317e-01
9.329713546340432373e-01
4.855755626732156660e-01
-9.903177433979291067e-01
-5.782741045338912755e-02
6.149977304235589859e-01
-6.277366373133030919e-04
7.379091172531813125e-01
-2.017718133327359720e-01
-3.840372828539881933e-01
-3.193689412437497044e-01
4.577257347846848123e-01
8.064252047483595476e-01
1.175807070598513526e-01
1.398830687679708529e-01
8.994147782389465551e-01
1.804381315045304746e-01
3.040288664871972912e-01
5.610365514268764731e-01
5.199203873066882142e-01
-2.759747483432639648e-02
9.703354471130087866e-01
2.304302157219986213e-01
-2.184444946174313451e-01
-5.382741300042612753e-01
7.285722394859981410e-01
7.868205132882657438e-01
-2.174916639121333706e-01
-9.288533722743677057e-01
-4.962820615172645056e-01
7.562878931051564280e-02
4.083239246881311679e-01
2.891090399864360005e-01
7.132644094244960931e-01
-2.393789032781858950e-01
-5.319339561425362461e-02
-8.159161334767335294e-01
6.681565903079622615e-01
3.814958076002918919e-01
2.507900605092989732e-01
-1.136612440945756752e-01
-9.199503819857564046e-01
-3.084401400244443092e-01
1.188640204858550931e-01
8.690198135300273297e-01
-6.365991470536211949e-01
-2.829020156954482612e-01
-8.267620974226450592e-01
-3.919142524302245967e-01
-6.293540019916155082e-01
-9.707579024016752545e-01
-3.992207878392939335e-02
3.638091153024471947e-01
1.900108404487466096e-02
8.949568557460327867e-01
7.944834801252349532e-01
8.225635865290124027e-01
9.091631111203418714e-01
6.853448062285907305e-01
-5.654646338304791797e-01
-7.624623758716657651e-01
-6.845167356816626025e-01
4.829951434074832850e-01
3.928695753262270163e-01
-3.897616749231891387e-01
-1.264881062746932017e-01
3.427778612361098709e-01
-9.401874122777122977e-01
4.611130213842848935e-01
5.400448063212810457e-01
-4.989368120401396212e-01
-5.069432745154307529e-01
-7.755908791089449750e-01
-9.481491763611658019e-01
7.215107792514354745e-01
3.669212451776498463e-01
-2.698711222067161630e-01
9.083406092468409021e-01
-3.924474818726664815e-01
-3.997625624214196094e-02
5.875833907021581481e-01
6.380499183405026198e-01
-7.269352710742897905e-01
8.663753471957842400e-01
-1.314316851193166880e-01
7.369339802205593370e-01
-7.598571881949787166e-01
-4.638609665485342592e-01
-5.040626620636501354e-01
-2.079265622643242661e-01
-8.887646545600886849e-01
6.463369906365810102e-01
-7.110909795912556675e-03
-5.232161651557802884e-01
-4.158251035780335947e-01
5.304387015176539322e-01
8.884759611186601180e-01
-4.836821869598260104e-01
-4.225504841064928740e-01
9.790807037534985380e-01
7.994109483838554020e-01
3.987157631586668582e-01
-3.795810216977382190e-01
-2.510745128749722888e-01
-7.739327962217754653e-01
5.784278002230107685e-01
2.860584615432475442e-01
-9.688570208599371902e-01
3.663903081080301938e-01
2.766117846643183498e-01
2.730074225882532790e-01
6.032889960792722217e-01
-2.489792714861072120e-01
5.228793674516369894e-01
3.967858507441572868e-01
4.307261551097556485e-01
3.645850176390852404e-01
1.937912460008013316e-01
8.373621987212465090e-01
8.074525040738946835e-01
-9.499543177903417845e-01
7.379872310792139345e-01
-4.427502826663716196e-01
8.691303158353045344e-01
-7.174679806518841074e-01
2.472462667651746937e-01
4.305579924131455183e-01
