-6.038546564230812264e-01
8.637208449030457924e-01
-8.319725641568462837e-01
-8.207082696196562610e-01
3.748194468134401491e-01
-2.414319532809749425e-01
-6.777106452530391456e-01
-6.556707810660429292e-01
-8.875571163191287027e-01
6.409161327506192052e-01
-2.665072367061356307e-01
-4.353444962275550001e-01
8.332386202899692007e-01
-9.798743041201150028e-01
-9.565774367038732962e-01
5.601207706542125075e-01
6.402150548824467879e-01
-5.762584928197873602e-01
2.272998429477042781e-01
2.509730991827127666e-01
2.909943198553222032e-01
3.966116878980081584e-01
-8.722559672914670381e-01
-4.129957175063159180e-01
8.177741662671810241e-01
4.630026533550675727e-01
5.835101420929867944e-01
-5.183753790790078808e-01
5.940074513353343910e-02
-6.090863785938506192e-01
5.285691323924219809e-01
-2.347137314952206164e-02
3.178109134180087114e-01
8.129339775996966555e-01
-3.427787772384690568e-01
-2.757111074294807951e-01
-4.284008007733193235e-01
2.555459916019938160e-01
1.384861804685875719e-01
1.000000000000000000e+00
-1.000000000000000000e+00
-1.933536102473014662e-01
3.902014082494741354e-01
6.649205944892533360e-01
-8.414724098746479974e-01
8.120869604059772762e-01
7.259851999574303827e-01
9.615480565087011211e-01
-6.270041759453111041e-01
9.972592156631565619e-02
-6.605427272837103292e-01
-2.957838202202209277e-02
-6.630830874414153087e-01
7.958966395894835344e-01
6.778819927328882944e-01
-1.785618590920841076e-01
5.433690402635620309e-01
6.002951110008025726e-01
-3.310409222317969857e-01
-8.142203146751723075e-01
-3.462438493101083758e-01
-5.676643311182379970e-01
1.986667830341210528e-01
9.385963332904605494e-01
4.050229171057317945e-01
-6.709697494177871979e-01
3.139649311977545931e-01
1.000000000000000000e+00
-8.068700615607382609e-01
-3.004583923937464984e-01
-5.222552980122829869e-02
-9.845340078278129736e-01
4.275069821285609750e-01
5.116901703264287171e-01
-6.224521290472361246e-01
3.227638506582091171e-01
1.486686622607219233e-01
6.940924645604946708e-01
-1.000000000000000000e+00
-5.524735538998124529e-01
-9.525888320573795420e-01
6.259758475479844098e-01
5.122903030183865170e-01
-1.553642338550321189e-01
8.050544277498891121e-01
4.025587407719077859e-01
-3.781622073597479261e-01
-2.497117902042383375e-01
-4.991831558276071390e-01
8.489856483027455880e-01
6.771198144827104137e-01
-2.362874100731577054e-01
1.111184233775872054e-01
2.685423961637539159e-01
3.030831213534024293e-01
-6.606159078192959111e-01
-6.716964192559132796e-02
-6.085099898963999276e-01
8.555542115719785845e-02
7.407146605772485515e-01
-2.643664518911157391e-01
6.352874585118529760e-01
-1.111017421753519169e-02
9.739565912044626517e-01
-6.116257343779077371e-02
7.356850679307039287e-02
-6.323458523081869620e-01
-3.326753362106459333e-01
7.871102862450556348e-01
8.178004491814869770e-01
2.882135865293116717e-01
8.391987605704926967e-01
-4.991523494971321639e-01
2.778550082507086350e-01
-2.129150414131280589e-01
4.038484732355889228e-01
-5.106616299252735303e-01
-4.004785282716371020e-01
8.148908354902292261e-01
9.593765869101284621e-03
7.310307358724024707e-02
-6.257734834572102889e-01
-2.580367701893285237e-01
-9.300765607752776720e-01
8.007591364643773524e-01
6.671463275518931813e-01
-1.000000000000000000e+00
-8.334867102415081108e-01
6.717028392719143204e-01
-7.503947059281698140e-01
6.602587714548558973e-01
-5.912569037867235755e-01
-9.481481567911805852e-01
3.801729053075767473e-01
-2.206273288154311785e-01
1.976693923648172729e-02
5.500785895595023955e-01
8.690529699477321790e-01
-5.543291644452572609e-01
1.796693773825781548e-01
-4.830546342012238537e-01
-7.596979365299314502e-01
7.995116368046487620e-01
-8.601719078736701496e-01
5.202175790954937096e-01
-5.982389782186852134e-01
-7.018709865305158280e-01
6.036541372145880491e-01
9.952562967546175754e-01
5.947715691685394601e-01
4.937363402011668012e-01
-1.364355265665948558e-01
-9.967580820922472551e-01
1.133158279864599216e-01
1.000000000000000000e+00
8.596305219645675177e-02
1.652030870000245066e-01
-1.000000000000000000e+00
-6.064807840354002888e-01
-8.252018094264332859e-01
-8.214244440299640626e-01
-1.475578710379009673e-01
5.946165004164141177e-01
2.760457908374748248e-01
-6.812188195204147423e-01
-2.746513829369753856e-01
5.924637362705458266e-01
1.402086969069144262e-01
-1.473756783257343383e-01
5.160016416818459239e-01
5.630048186807257160e-01
2.108281412137593125e-01
-5.205919544396013787e-01
-8.590084739546181014e-01
5.823306453491968737e-01
1.515238658529027838e-02
-9.026414660347658048e-01
-8.980935301596471021e-02
1.142150392593502678e-01
-6.398061349223641558e-01
2.734345995419155684e-01
3.169432176897530318e-01
-4.851995115513892398e-01
-6.780158177911535522e-02
-4.703758341581399938e-01
-1.000000000000000000e+00
9.643436814590177208e-01
-6.715117700819535074e-01
-8.852779051674812827e-01
2.440670674932907680e-01
-6.457690004251316340e-01
5.196297038949827807e-02
1.000000000000000000e+00
3.690037111496295430e-01
-7.299077706062713222e-01
-9.878338681311131797e-01
2.734929122760627607e-01
-2.224311610151583629e-01
-6.499046243025605740e-01
3.529665507430157501e-01
-2.348052111441841783e-01
-6.321720484993466060e-01
-4.351730426177584654e-01
4.298449291761508584e-01
-9.399269174901783153e-01
-3.096980478239409473e-01
-5.341734725124409611e-01
-3.717433484193642945e-01
8.832892368169475983e-02
3.327907827736273916e-01
-6.082578832255783885e-01
4.418243687207219494e-01
7.505102051761913806e-01
-7.608884750552542819e-02
9.423318181569403373e-01
4.288595970497606213e-01
6.202832025197744237e-01
8.527117530241519194e-01
8.184546556159784103e-01
7.313345338575951704e-01
-6.876419834887332883e-01
-6.420129538997378926e-01
5.051982218441342098e-01
3.894799766153842491e-01
6.709150170746458475e-01
3.222004743153025763e-02
-9.087300108420111044e-01
-6.637419002313849070e-02
4.847261712472559214e-01
-1.934976903014479777e-01
-7.220377902024986971e-01
-3.177048663272691864e-01
-4.955926693851396836e-01
2.163579624043401317e-01
-6.280922202149150646e-01
-7.039589410311629658e-01
-1.000000000000000000e+00
4.939287480672627240e-01
8.451054510258412256e-01
-7.692832507264341091e-01
-1.000000000000000000e+00
7.536881248088589391e-01
1.000000000000000000e+00
-4.858382797342281068e-01
1.209921593379153087e-01
-6.521658800006689960e-01
2.954096643267305478e-01
-1.062065487255018370e-01
3.960392922498765511e-01
-9.695102081765220037e-01
6.892384786009703168e-01
-8.540838104967174438e-01
-2.046676334655075369e-01
-5.642741069012802146e-01
-9.471970403368388247e-01
-1.329950263078738815e-01
-6.653447815394218645e-02
8.668848053964408606e-01
8.570522894248966406e-01
-1.000000000000000000e+00
-5.433929046964358633e-01
8.007373466156419983e-02
8.086208142732467241e-01
-1.945036894108542747e-02
5.682064479448676320e-01
