-5.657521381165349084e-01
1.210214152899828921e-01
-5.803708673454787137e-01
1.683206410201188996e-01
-2.878613926753660346e-01
2.186124324137319608e-01
-1.043922669859527474e-02
6.763795346381269447e-01
-5.197030220104630338e-01
6.513361610823695802e-01
-8.360282724093193174e-01
9.552083475287895253e-02
-7.571338270413296989e-01
-4.469530350553219122e-02
6.791575093697321819e-02
-8.214569048582360811e-01
-3.237641347642827849e-01
-5.783738216754363837e-01
-8.678295025491421510e-01
-6.192905395440106986e-01
1.051624777988085790e-01
-2.290961555097945634e-01
3.471434188162135226e-01
2.129273058338223557e-01
-3.624584207141361425e-01
-3.310247295864867656e-01
-8.344946369524032237e-01
1.780686213497830739e-01
5.839969299448040108e-01
9.940724251379902121e-01
-8.220226950754998541e-01
-6.950199530709526563e-01
-6.366763685129633865e-01
-4.249753896970054345e-01
-7.832560418256452328e-01
8.813619132110945831e-01
-6.566701708632696199e-01
9.706901657190003530e-01
7.763312375333734916e-02
6.689008190251499730e-01
-6.338833944707527035e-01
-9.214270894711482640e-01
5.829220567973154576e-01
8.541782834384434864e-01
7.465831031126719530e-01
6.056646772479623575e-01
1.402894252678326126e-01
-2.292646995265668064e-01
-7.876071526245871368e-01
8.055137207542069078e-01
-8.210406022054557162e-01
-5.198071592290471887e-01
-4.235538907091165317e-01
5.199749409540612710e-01
3.934985240275251650e-01
6.925922809436335648e-01
1.151126779117310345e-01
-7.758905675478013908e-01
-7.878851979367484937e-02
-4.158371916879654018e-01
6.923274634009133344e-01
-6.466002643544324080e-01
-1.172878086968600631e-01
5.533395507981559991e-01
-5.682432418280605191e-01
-8.863861265206591789e-01
-7.398189183201631103e-02
8.249320448834325248e-01
9.595741771429626699e-01
-5.752031796858316781e-01
-1.981173683203965030e-01
1.000000000000000000e+00
2.238050933560664646e-02
2.299015118896097221e-01
6.795115780169144193e-01
9.456583516184737803e-01
2.676899456304242531e-01
-5.058995933525298749e-01
-8.369665406819379871e-01
-4.511789568613975288e-01
-7.872139530394950402e-01
5.755658642483996168e-01
9.216675770845529359e-01
-5.536319723630089840e-01
2.703975607051170016e-01
5.113320581775505635e-01
4.357671761030943447e-01
-9.098923382563772755e-01
5.154437038345778266e-01
6.991069764076445203e-01
-6.086629155745857389e-01
-1.061941239326249509e-01
-4.770998535629504822e-01
-4.949338488343597020e-01
9.878865555676752397e-01
-5.063578579192256068e-01
-7.641589795105039329e-01
3.953355294634428585e-01
6.768310051850841003e-01
2.192136783940379363e-01
2.638209002896408917e-01
5.763979617073227146e-01
9.026970464567822816e-01
-5.761103240434976014e-01
-5.352366239101966627e-01
6.903831401949538371e-01
-9.358006397053697523e-01
1.610411262156627998e-01
6.240099912257314196e-01
2.977706057946443163e-01
5.291535688577553298e-01
-8.538264879300641041e-01
3.250227902532070168e-01
-1.692982183121398698e-01
5.619730138212319925e-01
-3.717427972021941640e-02
2.250361699514091818e-02
-1.941454002930289024e-01
-4.209989335808698163e-01
-6.115678322984902104e-01
-7.043580320907762982e-01
-3.055991330085601199e-01
-6.348788551641459943e-01
4.688812349089440668e-01
-3.513277865166113401e-01
2.987287070655002541e-01
3.522403023919207232e-01
-6.273701806749365506e-01
6.601967516789731816e-01
4.294446973596592887e-01
-8.187319043650542749e-01
1.144672034049996068e-01
3.361310068171132759e-01
4.908826199857367900e-01
-3.657005108630555501e-01
4.975783242402977979e-01
9.970873438831140412e-01
-9.400470498996282842e-01
1.567138749076664173e-01
-2.848642147823987614e-03
7.506955139027557955e-01
4.940933808913730019e-01
-6.447221366160842404e-01
2.772398454523219424e-01
7.443191578591568103e-01
5.385335445712329250e-01
8.359854588401169906e-01
-6.251968213585958889e-01
2.359942623717867782e-01
6.253955778141322419e-01
3.064408338338535653e-01
-7.296682028937739872e-02
-7.660276469665164845e-01
8.784278124545742417e-01
2.275317401307179743e-01
1.204488468482254326e-01
-3.588684704631943667e-01
7.795067941980290405e-01
5.696300898721060602e-01
7.669840526854039275e-01
-6.266482237111836717e-01
2.918388746462508010e-02
2.455100591739289850e-01
6.198418487572867619e-01
1.316784947296100461e-01
9.585543415090929109e-01
3.697620508533130401e-01
2.703349921612530071e-01
-5.271124796123580758e-01
1.090655478026967273e-01
-5.843794520431806472e-01
8.865595165149222634e-01
9.837882598044844773e-01
5.463780046132027390e-01
9.626170766554595914e-01
8.135136022908131537e-01
-7.836848672360239298e-01
4.255502267238364666e-01
7.285423827050110379e-01
7.507786116940318166e-02
4.452534965396359734e-01
8.989975097841371721e-01
8.924984189163724935e-01
4.032760012778899839e-01
2.221904263896529175e-02
3.350729717696339649e-01
6.071280063241653036e-01
-2.097357861341542229e-01
-7.165594950094223980e-01
-4.204255698864587387e-01
3.888149921310231072e-01
2.810646032092850022e-01
-1.783708065461053482e-01
5.701192141419955117e-01
-1.475067400436220755e-01
9.532241855295182642e-01
-7.166502046011908877e-01
-4.156825031818109917e-01
1.115454145698213662e-01
4.564958247798074353e-01
5.903052684636280745e-01
-1.612452155851391844e-01
-4.344963957940062849e-01
-4.494116520653870239e-01
3.934060251418458609e-01
-5.532350981270696133e-01
2.737936523561783630e-01
2.209654745822779986e-01
9.276191759505734158e-01
-2.493523018829759685e-01
-8.376203133748350016e-01
2.262658378709094809e-01
-1.818114876775980271e-01
8.775700757391733386e-01
-4.620791789820281048e-01
2.279216771791092722e-01
-3.338644429654724632e-01
1.316030790632534697e-01
8.088101585499045676e-01
-1.157009336952457002e-01
-5.033120109441640011e-01
6.356854020065562105e-01
-8.664476249263400320e-02
8.693840591623298586e-01
-4.615435588448071336e-01
-5.750638574101361034e-01
1.899489809046692734e-01
-8.103995101121830302e-01
-7.211102708872396683e-02
-8.253870713411406435e-01
-4.862922283740398477e-01
-2.582004042354277829e-01
5.402914638369098466e-01
-7.113905457854907688e-02
-5.682858180441485718e-02
-1.258706657238573001e-02
-9.053118008257914351e-01
2.309801022851645513e-01
-4.662499181515822322e-02
-1.953522563666947320e-01
-8.199921625461745744e-01
-4.216667777935629857e-01
6.598130321238615537e-01
-8.650325606342017526e-01
9.207450689319270909e-01
-1.393691964928698290e-01
3.127434532861106398e-01
8.693262797452043777e-01
-1.104243572555378972e-01
2.200960046109083912e-01
-8.415615725922518386e-01
4.614448459465934071e-01
8.436296252993871203e-01
-4.005622172254858504e-01
1.006433619156438253e-02
7.721870954819129995e-01
6.802912308614345038e-01
3.103172370152742499e-01
1.000000000000000000e+00
5.244073586741554438e-01
-8.382449982240371966e-01
-6.194432651060904904e-01
7.446798719050238269e-01
6.194162788513117857e-01
-8.802171115922474698e-01
