-4.093827325978346976e-01
4.254850849436320748e-01
-3.584383548502466654e-01
-6.923103094218185927e-02
1.127082496346631935e-04
2.312870310830567877e-01
-5.552961652982650598e-02
-8.358888273302369498e-01
1.125025112175088576e-01
-7.522213521600731312e-01
-1.753213517958032430e-01
-9.586874252518933215e-01
-9.013183269531986896e-01
-7.125037900112419775e-01
-6.694243464627842588e-01
3.512730284848491480e-01
-8.847593461233353995e-01
2.568993684001349975e-01
-6.365377405407437461e-01
-3.917965751531014007e-01
-2.879859930461585726e-01
5.361620424522424155e-01
6.178679907368999080e-01
-2.119073927821696901e-01
4.290585950574195562e-01
-4.922152929653044184e-01
7.122824377932224227e-01
6.735160298099932552e-01
8.676793322691114252e-01
4.444311056789681524e-01
7.287760831324971988e-01
-8.216452619141735303e-01
-3.388476954665118335e-01
2.693032962349644066e-01
5.418811219598865803e-01
7.694732753220240307e-02
-1.931032745905172099e-01
5.460857651698149962e-01
2.892040661507140342e-01
-9.034146273792686976e-01
5.697732981118649453e-01
-1.684473019801626670e-01
-7.987100102243026578e-01
-3.334833215388943728e-02
-2.426760191556997792e-01
7.047506901335115481e-01
2.826833542843902869e-01
1.188081058384597294e-01
-4.419877718951189527e-01
7.167637681328696830e-01
8.203932335667319942e-01
-3.589035261124091103e-01
-2.997406101427165792e-01
-2.481396084152200920e-01
6.722187735572227041e-01
9.826462002994884593e-01
9.842346178914742616e-01
-6.990949478452730403e-01
7.124003167224486344e-01
2.537954371256151975e-01
6.593608843874847469e-01
4.691855003224061349e-01
-9.064422028297063338e-01
5.906206659368131717e-01
-9.886842688138037794e-01
7.436068959602144535e-01
1.284536767403320345e-01
-1.281967593986715892e-03
7.683541163274830721e-01
7.459034769598124059e-01
5.402437825971490026e-02
-1.663379393234562520e-01
3.212139603999578652e-01
7.505385536729095586e-01
3.393191894772925044e-01
-7.268555105810099448e-01
-6.674766049232907505e-01
8.736887788719023273e-01
-3.809384935716427778e-01
-5.874154362607888480e-01
7.878644809229223833e-01
-6.339652324151612284e-01
5.468916528940095390e-01
3.215705881893435314e-02
-1.020743262775497262e-01
-7.264256233606326552e-01
1.247888938618701982e-02
3.381221398472411543e-01
1.300744832045433175e-01
3.977468395834363735e-01
1.420627279565797041e-01
-6.431972167825154019e-01
7.307852419920909393e-01
-6.006511475732555505e-01
-7.853255076153109471e-01
1.000000000000000000e+00
-8.339562704776223301e-01
-4.448959305191758085e-01
1.553894545428675111e-01
2.980886383732996858e-01
-1.782574678669441581e-01
-3.522114194238527840e-02
-8.413495097675145473e-01
-8.769896388929770970e-01
-6.418244755151858438e-01
2.746216621517325596e-01
7.257636671518415961e-01
-2.963085343368994096e-01
1.000000000000000000e+00
7.756366648299251043e-01
-2.322490502797462941e-01
-6.061733614021471706e-01
-5.933557952105858457e-03
-4.395100620887356091e-01
-3.528463394595234004e-02
9.255615919365847155e-01
2.475395386737310743e-01
-7.309080978722174438e-01
-4.304955504927716614e-01
-8.938151225809196632e-01
-5.527165067851399494e-01
-3.415820208086735588e-01
1.605421125577186636e-01
5.536224823182069876e-01
-3.171921585510271147e-01
2.356576963677707026e-01
-1.810158934235889805e-01
-5.938259472782040499e-02
-7.708592268150217253e-01
-6.361415305622680760e-01
-2.447403017681388515e-01
-5.405377847005485847e-01
-5.159688329162750303e-02
2.823142482241147722e-02
2.870518215414463725e-01
4.801824647627054854e-01
-9.030716630546327117e-01
9.818416115626908969e-01
3.253219050806946955e-01
-5.607988353320747521e-01
-5.517453613971503579e-01
-8.649462245081079859e-01
3.676596536200815168e-01
-3.155366062321508513e-01
-6.351586054912762291e-01
-6.322771276522177741e-01
4.100583598722297718e-01
5.136106880260237206e-01
5.876794499263235938e-01
2.543287940534533220e-01
7.440135999942258938e-01
-6.160466022163474387e-01
3.561950159443185715e-01
1.000000000000000000e+00
-8.640514763001203580e-01
5.150503317397334690e-01
1.000000000000000000e+00
-1.884238884705530526e-01
-6.957064997711521759e-01
1.732807500132735323e-02
9.338437341272144421e-01
-3.182772454774444870e-02
-3.237780346390702890e-01
-4.357752210166461193e-01
1.000000000000000000e+00
2.975522344429887278e-01
-4.356264157983792407e-01
7.024399946699639852e-01
-8.352885964918633777e-01
9.832480818977407111e-01
-5.843065790830278550e-01
-5.631607567015591842e-01
9.414723341261330147e-02
-9.469784160586973698e-01
6.255075274369747973e-03
5.779261649940914403e-03
-5.906858683462496984e-01
-5.353622938815741916e-01
-2.890726029641751404e-01
7.229257558604594569e-02
-3.788835020912764140e-01
4.593399035540502995e-01
-4.540041079018810044e-01
8.129130930860446469e-01
5.158700652694965250e-01
2.698574185413511461e-01
9.816753497588386335e-01
3.704637044600246620e-02
-8.078030611806344963e-01
-5.909341419485745206e-01
-4.192603075928619250e-01
-5.094361822476012325e-02
7.966374889038105866e-01
-1.225646478926598754e-01
3.164348278086473454e-01
6.635613971292249058e-01
5.381636203920950878e-01
-4.538329596178904968e-01
5.664012193619446522e-01
4.290777386316857456e-01
-1.583770600829045513e-02
-1.114765684572534832e-01
-9.025699723091259452e-01
-4.513104518453370240e-02
7.287528797669249325e-01
-2.450196776411919242e-01
1.509853564006347071e-02
-2.392811741732266961e-01
3.159834277580781392e-01
-8.663416805423211908e-01
-5.030113523442005796e-01
-1.000000000000000000e+00
-1.275410639473943952e-01
-1.481407654848239663e-01
-4.474417076582085651e-01
-6.860464443100779963e-01
3.763132090921050277e-01
-2.968821627776309091e-01
2.691032567399341269e-01
5.144988007408732855e-01
-4.126178769897641541e-01
3.808754801808186263e-01
-3.361017693206689305e-01
4.665169472690440799e-01
-8.560656455351276506e-01
-5.728041100822112153e-01
4.534784324148586343e-01
-4.898258401359754100e-01
9.687787955602419343e-01
7.818592604365061094e-01
-1.248906140962384725e-01
-6.584282928650836419e-01
-5.327408592640353602e-01
8.220649866603997324e-01
7.044378705214694447e-01
-6.374818879635969493e-01
-9.192493995308128607e-01
-9.208269489783574846e-01
3.690581803839527164e-01
1.000000000000000000e+00
8.362667279083017824e-04
-9.943149048421637826e-01
2.810313105062104549e-02
-5.673844140633872435e-01
6.687723703804767661e-01
-4.958553092867790668e-01
3.627152591936861903e-01
1.000000000000000000e+00
-1.810543087524637273e-01
-2.966432853913456014e-01
-2.019976095855331444e-01
-3.161432644272983428e-01
1.000000000000000000e+00
7.012081761769980437e-01
-1.000000000000000000e+00
-2.801816273184460915e-01
-2.126503755180285948e-01
-1.336803655911697752e-01
3.218201445149371787e-01
-5.492180125412824410e-01
8.866896189944998286e-01
1.693581891342797463e-01
9.994615037099530142e-01
7.689658789034167774e-02
-2.108292936900507675e-01
