-1.000000000000000000e+00
1.000000000000000000e+00
-1.000000000000000000e+00
-9.242022299182379719e-01
-3.600509657456620882e-01
-1.000000000000000000e+00
1.000000000000000000e+00
6.414983644652532124e-01
1.000000000000000000e+00
1.000000000000000000e+00
9.928425976172143841e-01
7.549168406251685060e-01
-4.683079357632147222e-01
-4.724953493722694464e-01
7.076831320096292899e-01
9.987153799864778581e-01
-1.000000000000000000e+00
-7.762765654909355995e-01
1.000000000000000000e+00
-1.000000000000000000e+00
1.000000000000000000e+00
-1.000000000000000000e+00
1.000000000000000000e+00
7.944156455761064439e-01
-9.405761385247846107e-03
-1.000000000000000000e+00
-1.000000000000000000e+00
-8.087617482252433820e-01
2.120366386263383696e-01
-9.820318886448309303e-01
-9.010179414200094605e-01
-1.000000000000000000e+00
-1.000000000000000000e+00
-3.782723644256791307e-01
2.772970112526957909e-01
1.000000000000000000e+00
-1.000000000000000000e+00
1.775587052380729336e-01
-7.306159309398914115e-01
2.789803160651536107e-01
1.000000000000000000e+00
1.000000000000000000e+00
1.902944555434959994e-02
-5.308574075352545663e-01
8.506212545542743975e-01
-6.532682319651548219e-01
1.000000000000000000e+00
8.829073098104660566e-01
1.000000000000000000e+00
1.000000000000000000e+00
1.916713613644263070e-01
-2.314882230337422797e-02
-1.000000000000000000e+00
-2.763938011877113965e-01
1.000000000000000000e+00
-1.000000000000000000e+00
2.480638778935908562e-01
1.000000000000000000e+00
-5.145936235943464609e-01
4.783078408927214920e-01
-9.143438571957405170e-01
1.000000000000000000e+00
8.755178633333480231e-01
1.000000000000000000e+00
-2.286141354881365828e-01
1.000000000000000000e+00
1.000000000000000000e+00
1.780235377596912638e-01
1.000000000000000000e+00
-7.738337838586184514e-01
3.150977189406163337e-01
-7.885980250782511636e-01
-6.418217614704184726e-01
-1.000000000000000000e+00
1.000000000000000000e+00
-1.000000000000000000e+00
-5.687428676213222012e-01
6.740098033293229207e-04
8.818163918246328947e-01
1.000000000000000000e+00
-8.128699014558935509e-01
-1.000000000000000000e+00
8.604032217689538964e-01
1.000000000000000000e+00
1.000000000000000000e+00
2.285673643994463600e-01
-9.796745670031090647e-01
8.307380925048095666e-01
2.443142871210690625e-01
1.000000000000000000e+00
-7.863488653563299735e-01
-1.000000000000000000e+00
1.000000000000000000e+00
-1.089150350433321091e-01
-1.926283057255306908e-01
8.542540158134126482e-01
1.000000000000000000e+00
-2.283366472940351333e-01
-8.369037682815183565e-02
-1.000000000000000000e+00
2.242545091067218443e-01
-1.330428601148307965e-01
-1.000000000000000000e+00
7.538192517926110003e-01
1.000000000000000000e+00
8.945366001301042758e-01
-6.439608842463071525e-01
8.346490511614461649e-01
-1.000000000000000000e+00
-9.319075356331727455e-01
-1.000000000000000000e+00
-1.000000000000000000e+00
-1.000000000000000000e+00
4.173218577669577378e-01
1.000000000000000000e+00
-1.000000000000000000e+00
3.404195308232134121e-01
1.000000000000000000e+00
1.000000000000000000e+00
1.000000000000000000e+00
1.000000000000000000e+00
-6.005496757109041184e-03
-7.012627967821465358e-01
1.000000000000000000e+00
1.000000000000000000e+00
-1.984033298465162076e-01
8.184357119222049892e-01
2.435264608720977275e-01
-1.000000000000000000e+00
-6.787443614664190328e-01
1.000000000000000000e+00
1.000000000000000000e+00
-1.000000000000000000e+00
1.000000000000000000e+00
-7.812274137950714348e-03
-1.000000000000000000e+00
-1.000000000000000000e+00
-1.000000000000000000e+00
-1.000000000000000000e+00
1.000000000000000000e+00
-5.557219766397250016e-01
1.000000000000000000e+00
1.000000000000000000e+00
-8.337994643853541277e-01
5.048706505198707895e-01
-8.831467547968774312e-02
-1.000000000000000000e+00
6.403132270978861840e-01
-1.000000000000000000e+00
-1.000000000000000000e+00
-1.000000000000000000e+00
-3.432266967777966027e-01
-6.566144582360555759e-01
-1.000000000000000000e+00
3.105340920378656389e-01
-1.000000000000000000e+00
-1.000000000000000000e+00
1.000000000000000000e+00
-1.000000000000000000e+00
1.475051304039409761e-01
1.000000000000000000e+00
-4.321944835780640037e-01
4.540868225029464078e-01
-1.000000000000000000e+00
1.000000000000000000e+00
1.000000000000000000e+00
-1.000000000000000000e+00
-1.000000000000000000e+00
-1.000000000000000000e+00
3.178483053410767756e-01
-1.000000000000000000e+00
3.000260353583203976e-01
-1.000000000000000000e+00
-1.000000000000000000e+00
-1.000000000000000000e+00
2.087244736181705917e-01
-1.000000000000000000e+00
4.131971431668033379e-01
-1.000000000000000000e+00
1.000000000000000000e+00
-1.000000000000000000e+00
1.000000000000000000e+00
-1.606010209806503219e-01
1.000000000000000000e+00
1.000000000000000000e+00
-1.000000000000000000e+00
1.000000000000000000e+00
1.000000000000000000e+00
1.000000000000000000e+00
4.793981768661019771e-01
5.593428974453180658e-01
1.000000000000000000e+00
1.000000000000000000e+00
2.621070087135912718e-01
-2.563468681431786411e-01
3.218525827966052244e-01
1.000000000000000000e+00
1.000000000000000000e+00
1.000000000000000000e+00
-8.246072353948785683e-01
-1.000000000000000000e+00
-1.000000000000000000e+00
4.681338604211580101e-01
1.000000000000000000e+00
-1.000000000000000000e+00
-1.000000000000000000e+00
1.184790489932132651e-01
8.818072138576407148e-01
1.000000000000000000e+00
-9.653406122776364562e-02
5.788116887862013726e-01
9.235873871299680182e-01
6.202934177102294999e-01
8.548130690202349058e-01
1.000000000000000000e+00
1.000000000000000000e+00
-6.598754110876599022e-01
1.270799086174154713e-01
3.362712855478016127e-01
-1.000000000000000000e+00
6.818264711835571035e-01
-1.000000000000000000e+00
-6.178449619803909609e-01
-1.000000000000000000e+00
-3.280507565309791485e-01
-1.000000000000000000e+00
-1.000000000000000000e+00
1.000000000000000000e+00
2.553597606093154226e-01
-1.000000000000000000e+00
-4.447348888077422568e-01
1.572916107679749320e-01
2.817513760021548297e-01
1.000000000000000000e+00
-1.000000000000000000e+00
8.741756684192163451e-01
3.844965017983523747e-01
1.000000000000000000e+00
-1.000000000000000000e+00
-1.000000000000000000e+00
1.000000000000000000e+00
1.000000000000000000e+00
1.000000000000000000e+00
4.346826896857223232e-01
-8.456718655853410205e-01
2.446226110101727969e-01
-9.236196496989439453e-01
-8.586081316651741346e-01
-1.000000000000000000e+00
-1.000000000000000000e+00
-1.000000000000000000e+00
-1.000000000000000000e+00
7.462099720065040742e-02
-1.000000000000000000e+00
9.104368377291960357e-02
1.408929215357559439e-01
-7.823680951631462044e-02
-5.387958034400863738e-01
7.738636778451546405e-03
-4.424238743390533912e-01
-1.000000000000000000e+00
-7.932011984572433505e-01
5.185610816898233999e-02
1.000000000000000000e+00
-4.583813565615084684e-01
