-1.786709002810936697e-01
6.091629950983014075e-01
-6.276709965666998903e-01
-5.819414875808055498e-01
3.917742172227082764e-01
8.384440272681730200e-01
-2.896520457798698600e-02
4.549368867323339005e-01
-1.000000000000000000e+00
3.976919033969903428e-01
-5.750992327565935813e-01
-5.355522025532604147e-01
6.609327211608955199e-01
3.163890199945471604e-01
-5.646176408616172537e-01
-6.759977770007825626e-01
-9.046750951529541895e-01
-3.231658499230180004e-01
-6.778434248387443795e-01
3.430678160891125761e-01
4.104631376667725040e-01
-8.605872326444505838e-01
4.911148734840304342e-01
1.860892359217009018e-01
1.672760045113124427e-01
-3.887534614834689539e-01
9.647722811334680237e-02
2.903503172155134093e-01
-1.026058959166957218e-01
3.185732649126560290e-01
-2.747944331170659171e-01
-6.653199103207367848e-01
-1.122289622349957050e-01
8.263595109624733981e-01
2.912098686641517720e-02
2.641582016406139877e-01
8.079595669563652827e-01
5.501960692757058569e-01
-5.161881975201459971e-01
9.326587582811115551e-01
-9.130542598862396719e-01
4.930634218323159401e-01
3.839763686203591098e-01
-8.462246702822738831e-01
-7.542620085725371126e-01
2.050049555511652688e-01
4.585940501631730060e-02
1.628365575073277560e-01
-3.194862856684400620e-01
1.945135134630761875e-01
-3.858961546269916720e-01
-1.873267150785195845e-01
7.579248598640594414e-01
4.265511667886663916e-01
-1.000000000000000000e+00
-2.435671351133724682e-01
-1.666095610629745039e-01
-6.631680074181638407e-01
-2.762628045636726926e-01
6.859569209551608093e-01
-4.380590751574192088e-01
7.415710067077354584e-01
7.110898487604574436e-01
-7.909509688128921190e-02
6.837737513838136882e-01
5.509176731810303540e-01
-6.485169728150019797e-01
5.101154056389571867e-01
4.167658180205459084e-01
1.727487954063993691e-01
6.965899582835027859e-01
6.128870290303320978e-01
4.178938381550638681e-01
7.880854137833229744e-01
7.657050787663447489e-01
7.904480415754169265e-01
-9.774943254905845702e-01
-9.271611265768173737e-01
-6.440490633336908299e-01
-7.398395100459552731e-01
-9.754742246497486446e-01
-8.786220021106772027e-01
9.059499684842470257e-01
-5.348358525213134929e-01
1.771184578357845041e-01
-3.518313952836482073e-01
-1.156320274271902676e-01
7.128206510238864757e-01
2.639077594463056786e-01
8.787621230278463980e-01
6.205886340502846793e-02
3.042515322445791814e-01
9.679864875980048744e-02
-3.131313772031622533e-01
1.936027789740925042e-01
4.754000758806515847e-01
4.514540290699211034e-01
4.831592565689815100e-01
-2.911397797323936887e-01
-9.015835077555453547e-02
-1.450991950650658557e-01
-2.901812715922299502e-01
3.105797767044690683e-01
2.068062430699032020e-02
-6.415415339266399009e-02
-1.792376696833116456e-01
-7.527215583794393261e-01
-4.793362647784826791e-01
-2.280047619207847265e-01
2.077922103744553606e-01
4.162227221725038895e-01
-4.229766932728916129e-01
-1.000000000000000000e+00
-6.867194026084332270e-01
-2.781892211777348134e-01
6.949861639614892672e-01
4.692324578417466086e-01
-2.496657423635961215e-01
-5.891021434332754936e-01
-4.156352924185831299e-02
-7.356355033408615851e-01
2.909976138951967939e-01
2.771991107196027371e-01
5.084409227376286422e-01
2.047794472626743023e-01
1.000000000000000000e+00
8.006310960123652620e-02
-8.383311844190499684e-01
-5.563481668231233801e-01
6.432089832231219217e-01
8.130984967263735763e-01
4.747234898376557766e-01
-1.000000000000000000e+00
-5.077481615306259632e-01
1.948222860688864772e-02
5.052367273156925798e-01
-4.404339299863021528e-01
-6.548913465751570184e-01
-8.931913533381439230e-01
2.229182705226073757e-02
7.812888874352615920e-01
6.097500670339069950e-01
1.105615401970005962e-02
2.505763154168847984e-01
7.825259272270951305e-01
7.697072908406049629e-01
1.364045092720541363e-01
-4.659098869623246042e-01
-4.370057985432793668e-01
9.178627385712074815e-01
-5.847206764764609765e-01
2.855039311874972840e-01
-7.442582919722787738e-01
-3.702436778982421961e-01
5.844880345562867285e-01
-4.877226305652241356e-01
5.220230233332382452e-01
-6.854173619690310248e-01
-6.772358271668131868e-01
-8.295437068236266587e-01
-2.218721420904416070e-02
7.797702463522337979e-01
1.000000000000000000e+00
-1.135477448998029881e-01
-8.978470072230967380e-01
-8.186411045901335060e-01
1.329529987502334198e-01
-1.000000000000000000e+00
-9.708177705235454535e-01
-6.208863195263079060e-01
-3.057581572977398077e-01
3.225626087228150585e-01
-1.000000000000000000e+00
7.421974254953973560e-01
-3.480816538759688994e-01
9.120034307943867269e-01
-3.946286307918114855e-01
-6.579275926524654622e-03
4.077111029546452436e-01
-9.241166951651681449e-01
7.375804805905726846e-01
-2.334266524515129504e-01
9.046216979121742829e-01
4.541066805046344856e-01
7.214742044697908252e-01
2.626408777528904670e-01
1.857139700338122923e-01
-6.438333678728921372e-01
9.705067100508517619e-01
-5.584973000776640717e-01
2.505480388786109902e-01
3.779816893171918935e-01
2.699259844709377965e-01
1.283658974227570165e-02
-1.000000000000000000e+00
-3.409120215718722813e-01
-6.087333092952753599e-01
-9.996807685181846592e-01
2.591801380649943337e-02
5.494621952976603829e-01
5.645327556078115760e-01
7.521478032714770112e-01
1.000000000000000000e+00
6.195947752748947462e-02
-1.000000000000000000e+00
8.113298828022246223e-01
-2.513551223019180880e-02
7.997621684570561662e-01
-7.759593766440939788e-01
-1.798166134751689182e-01
1.000000000000000000e+00
-6.219025509311580935e-01
-9.622430973633806506e-01
-6.073549870127573636e-01
4.897615971456191208e-01
2.565830606730366489e-02
-9.889534169026971411e-02
-6.474262902744051251e-01
7.321536662052763322e-01
6.435453316790987754e-01
-3.088536362298749394e-01
4.846649256678164930e-01
6.581536323412852107e-01
-2.441112063883551508e-01
-7.059545632114057057e-01
-1.000000000000000000e+00
5.671718307543002213e-01
-5.810648715947995813e-01
1.000000000000000000e+00
-8.982388092300107596e-01
-4.218090235653771530e-02
8.641678392025911593e-03
-6.147788491448944459e-01
1.430678678997447384e-01
-4.170581921479092347e-01
-6.268506993118914128e-01
-5.158042968297643638e-01
3.008594643553644810e-01
4.571716863783292228e-01
-2.896679066785872170e-01
-1.000000000000000000e+00
3.715715371633946384e-01
1.000000000000000000e+00
9.233094675442417021e-01
-2.649651828243439478e-01
5.973297531206737121e-01
-5.034799224129056228e-01
2.447529655237934421e-02
3.414625936353106184e-01
-1.477503162177164556e-02
-5.096761809867846882e-01
-3.220920927824489910e-01
-4.627358643532979987e-01
-2.100151065706903353e-01
3.318768659870255933e-01
-8.114436694452531462e-01
5.949624545165645984e-01
5.298347581709502707e-01
-9.851669951154671256e-01
3.139945829003699673e-01
-3.062806524751164328e-01
7.227510302879173176e-01
-1.278933932748547997e-01
3.026722990091752497e-01
4.208166277590435489e-01
