9.299777908566184692e-01
-5.762265188040941455e-01
5.125942895456879755e-01
4.279824162857843173e-01
8.472648665905220255e-01
2.305065358233964190e-01
-2.715108103385874272e-01
-8.836858122208066657e-01
3.190863861560067627e-01
-3.942932587438242598e-01
-1.000000000000000000e+00
-3.437937723083897001e-01
-1.000000000000000000e+00
4.895780273675776062e-01
4.108572784283663903e-01
8.318921684891219526e-01
-9.584587668957398332e-01
-6.883128041442591050e-01
8.198973866965528767e-01
-3.790713153651690398e-02
9.531538211508332470e-01
5.995360261034932137e-01
-5.752765628862939185e-01
4.969646209353135724e-01
-2.831883205525176361e-01
8.772499955236696678e-01
-4.266744666522795937e-01
-6.537014639105342972e-02
-3.329207625970167506e-01
2.247020597402431541e-01
-7.296899520096147285e-01
-8.574283997462133211e-01
1.000000000000000000e+00
5.401048384228461785e-01
7.412371568433453461e-01
1.000000000000000000e+00
5.584650884426274331e-01
7.119501074533632901e-01
8.686637649703733421e-01
1.074939462094547798e-01
1.862038915803075345e-01
-1.182529354503256691e-01
-4.105899162446436934e-01
-7.832414442630535323e-01
5.144024950721680645e-01
4.012657942770978536e-01
-3.128607397106633048e-01
-6.437351327364109199e-01
9.509075281796270929e-01
-9.668757216201757654e-01
-8.318058123954081839e-01
-2.657257814438211962e-01
6.686790887226889968e-01
-7.347018517949419625e-01
3.363267709216684609e-01
5.124639086843888469e-01
3.633665051964667381e-01
2.440226580010183000e-01
-8.600670470507623677e-02
5.719588872969667559e-01
6.590368264620855010e-01
4.243756231045784366e-01
-4.539398853635234210e-01
-6.396284912640644027e-01
-7.758261693016832439e-02
3.786706594865054121e-01
-5.106589023434811025e-01
7.652193193769947221e-01
1.028143310283075318e-01
-6.765899168562494737e-02
-3.363325343223854125e-01
5.767409212321063933e-02
-9.965557583999449243e-01
5.380035898693645846e-01
-8.913410597587618778e-01
5.740287936864667540e-01
3.573481730466600559e-01
5.457384668292251106e-01
4.676044565867988612e-02
7.631402536776893397e-01
-1.389533159444544808e-02
-9.393034050766126963e-01
-2.943425974856770377e-01
6.274994921921286384e-01
-6.500496555528070819e-02
1.119480784988180488e-01
5.980645336704136783e-01
9.274071951815254788e-01
5.373460155084588408e-01
-5.477043169730948513e-01
6.458395875081723858e-01
7.037584395031621920e-01
4.810591756183537071e-01
-8.601615013210681671e-01
-1.231800905019136971e-02
-1.260176209601993405e-02
4.888078112712717083e-01
5.878519498322383185e-01
9.441044440540982130e-01
2.185227573293762604e-01
2.068893557257039939e-02
-8.867187152683271290e-01
8.939324268589069478e-01
-2.243910290580334865e-01
8.087029176217690463e-01
-1.419197063351693711e-01
8.157303639256463512e-01
1.300009556320070037e-01
9.450807794322213518e-02
3.429516828850477927e-01
2.287913002636821069e-02
2.459053700290452504e-01
8.908872042193589635e-01
3.521745816963875453e-02
-1.000000000000000000e+00
-7.556197381180504991e-01
4.703181405333040077e-01
-1.450688883190627831e-01
-5.473751046002114373e-01
-7.442979449054210050e-02
-5.958635742309656980e-01
-1.000000000000000000e+00
1.000000000000000000e+00
5.503303123027294408e-01
3.216203773010136713e-01
-8.567844598294538372e-01
-7.253719640976592498e-01
-6.264252963407996866e-01
-7.429362919033275503e-01
1.638283932591071967e-01
2.489298375306860933e-01
2.479576845624340553e-01
1.137676966310316312e-01
8.052377178885579412e-03
-5.479605164685764640e-01
-1.920506696029595783e-01
2.343209435433242227e-01
6.127784142992722671e-01
-8.142443958698348805e-01
6.905348179428868471e-01
1.082716854902530113e-01
4.550369503445353958e-01
-5.668957866179511473e-01
4.849102968850489415e-01
-1.602951665307366658e-01
2.561906575069190506e-01
6.475767402076100243e-01
8.059811996074823792e-01
8.494603864645409175e-01
-8.866850079068933077e-02
5.475315470696449083e-01
-9.853529122097725024e-01
2.673673993018543804e-02
-4.506995845113179744e-01
-4.171710496700974102e-02
-3.867371757678666477e-01
1.000000000000000000e+00
6.425491970373831130e-02
-1.167080218185634344e-02
-1.636760850951176627e-01
-9.079778642656288756e-01
4.192483489551973586e-01
3.339461172460030935e-01
-9.660100450175446163e-01
9.318478902437535849e-01
1.874849856332354292e-01
7.495388954990859220e-01
-3.628365976098119061e-01
2.390584007546572298e-01
3.732870822087599461e-01
4.677813094678937578e-01
1.000000000000000000e+00
-9.165683460474609578e-01
-5.825763468144571355e-01
8.940278769518179569e-01
8.210242547889289311e-01
2.801526343301716793e-01
7.429644151225858195e-01
-2.420983123189324460e-01
8.516266724996889304e-01
-2.291694647037766097e-02
-6.210646392731358212e-01
-5.135990669986432999e-02
-9.449037819974674957e-01
-2.643351459064042230e-01
3.279902201122155136e-01
-7.678409952984668330e-01
-6.442512473378965154e-01
-7.262264456470406415e-01
4.259469433226947821e-01
-3.555477386199965562e-01
5.785008892426561911e-01
-3.476724859384432431e-01
-1.994731274177243829e-01
6.995518202863835189e-01
9.401159784803990727e-01
-6.346052009215150669e-01
-4.779352201690900692e-01
-8.397097341895891631e-01
4.877903365479341335e-01
-9.638332781993281806e-01
-7.512472969508656728e-01
2.519257683552200006e-02
-7.888006875859121525e-01
-8.829821519305964816e-01
-3.694533179134782408e-01
-3.815172131895860907e-02
-3.351895910693045710e-01
-7.841918633725073473e-01
-5.514618739520480428e-01
-3.103726226302498947e-01
2.109093952601341915e-01
-2.669635690220890645e-01
-2.901698967400214713e-01
6.257980887925930213e-01
4.553571947329774772e-01
5.850111707647572823e-01
-3.258913245890610044e-01
9.515272523264027837e-01
-3.670624791382864349e-01
8.363222859327001935e-01
-4.417570205088205970e-01
-7.704976343815599371e-01
5.494065987162932707e-01
5.802102216333177021e-01
5.523282008170994628e-02
-5.824091883330195785e-02
-9.229493142120879234e-01
-7.727374790238437097e-01
-7.800523924211195670e-01
-7.985384752626678573e-01
-7.107778857306670250e-01
-9.291635420276994628e-01
-2.030137240620574490e-01
1.971124635328345143e-01
-1.000000000000000000e+00
-8.824109161143740832e-03
4.200561506719478477e-01
-9.703040784947938313e-01
-8.800256386045437473e-01
-8.371996720102599099e-01
2.644734080504195783e-01
-1.217179770191057775e-01
6.282620910955596383e-01
6.807006726366879867e-01
7.472581575800817388e-01
1.133132016584322554e-01
3.251040741360844977e-01
6.110881611678676828e-01
-1.294789393035853664e-01
1.518141484903545724e-02
8.185870079260797461e-01
-7.412294168489461654e-01
-2.459355830200390947e-02
2.255799137877101401e-03
5.044542140049378398e-01
4.400781146054761894e-01
-3.758670942603243859e-01
4.567372049600733064e-01
3.732727394491504036e-01
-2.468487074347962551e-01
1.688220890041323141e-01
-3.644608004466367568e-01
8.992639431812676776e-01
2.696735859916918887e-01
