9.795602037163446685e-01
1.000000000000000000e+00
1.000000000000000000e+00
-6.464111844425033393e-01
-6.622851670114850986e-01
-8.674538276229224465e-01
-1.000000000000000000e+00
7.557009361723043828e-01
-1.000000000000000000e+00
3.757891008335434435e-01
-1.000000000000000000e+00
-5.117270838156864343e-01
1.000000000000000000e+00
4.549505701013341064e-01
-1.000000000000000000e+00
-1.000000000000000000e+00
6.908421695423827558e-02
7.393123882209051700e-02
4.684141391427212309e-01
4.009240302457306449e-01
-2.845035291231852170e-01
5.109350158762600014e-01
1.000000000000000000e+00
1.000000000000000000e+00
-1.000000000000000000e+00
-1.000000000000000000e+00
-8.066567009708884850e-01
-5.002560110241560665e-01
1.073008944628197625e-01
1.000000000000000000e+00
-1.000000000000000000e+00
-1.000000000000000000e+00
-8.642589818581249972e-01
-1.000000000000000000e+00
1.000000000000000000e+00
1.000000000000000000e+00
-2.332951916738772447e-01
2.785069315667632051e-01
1.000000000000000000e+00
-1.000000000000000000e+00
-1.035457676257296455e-01
-1.000000000000000000e+00
1.000000000000000000e+00
-1.000000000000000000e+00
-1.000000000000000000e+00
-1.000000000000000000e+00
-7.590015273487948910e-01
1.000000000000000000e+00
-1.763415263336354233e-01
-1.000000000000000000e+00
1.000000000000000000e+00
-1.000000000000000000e+00
-1.000000000000000000e+00
5.167997279508587116e-01
2.653626048876733812e-02
1.000000000000000000e+00
-1.000000000000000000e+00
-1.000000000000000000e+00
3.473469183257242854e-01
-1.000000000000000000e+00
-1.000000000000000000e+00
-9.089759391372567165e-01
-1.000000000000000000e+00
3.232808712622265990e-01
1.000000000000000000e+00
1.650383874132388407e-01
-7.404457666160446649e-02
1.000000000000000000e+00
1.000000000000000000e+00
-1.230670759262884051e-01
1.000000000000000000e+00
-2.042198570668700697e-01
-1.092082227882631429e-01
1.000000000000000000e+00
1.000000000000000000e+00
1.000000000000000000e+00
-4.163010093648975563e-01
6.399017976695873244e-01
-8.856141163649069448e-01
1.322301247296810978e-01
-1.344261003670910171e-02
4.200031688602152702e-01
-3.263813994927886597e-01
-1.000000000000000000e+00
-4.558031856964805950e-01
-1.886484423225331941e-01
-3.625301676908643245e-01
3.128330715823737229e-01
-6.565123541098916160e-01
7.475494440403764873e-01
-2.012235666849904181e-01
1.000000000000000000e+00
-1.000000000000000000e+00
6.463968579212320265e-02
1.240207767854439869e-01
-9.301865376320193057e-01
-1.000000000000000000e+00
6.986412630930005641e-02
-9.955325968127597402e-01
1.000000000000000000e+00
1.000000000000000000e+00
-9.073173423743408073e-01
6.288330171312330741e-01
6.809819057169279599e-01
1.610416131564043063e-01
-5.957882335706754517e-01
-3.373314555421451644e-01
1.000000000000000000e+00
-1.000000000000000000e+00
-3.872768027123205670e-01
1.000000000000000000e+00
3.394860268300137207e-01
1.000000000000000000e+00
-3.861605472684239704e-01
1.000000000000000000e+00
-9.023933110826465320e-01
1.000000000000000000e+00
1.000000000000000000e+00
5.860142640865571018e-01
8.412526170491938515e-01
-1.000000000000000000e+00
-9.572004348268317031e-01
-2.889671571299885500e-01
-4.713047682118165493e-01
1.000000000000000000e+00
1.000000000000000000e+00
-1.000000000000000000e+00
1.000000000000000000e+00
6.416820180291344933e-01
-1.000000000000000000e+00
-7.921729185729380340e-01
-1.000000000000000000e+00
-1.000000000000000000e+00
-1.000000000000000000e+00
1.000000000000000000e+00
-1.000000000000000000e+00
5.170409071140560364e-01
-1.000000000000000000e+00
-1.000000000000000000e+00
1.762411072524534550e-01
-4.658559371859030129e-01
-1.000000000000000000e+00
1.000000000000000000e+00
1.000000000000000000e+00
1.000000000000000000e+00
1.000000000000000000e+00
3.000106558856381334e-01
-4.880984875648608501e-02
1.000000000000000000e+00
5.487875845085676829e-01
3.462143684523075748e-01
1.000000000000000000e+00
-1.000000000000000000e+00
-6.416762034952649962e-02
-1.814305777829261501e-03
-1.000000000000000000e+00
1.000000000000000000e+00
4.886876992272968234e-01
-9.821927762202831147e-01
1.379117393838438232e-01
1.000000000000000000e+00
1.000000000000000000e+00
1.000000000000000000e+00
-1.000000000000000000e+00
-1.000000000000000000e+00
1.000000000000000000e+00
-1.000000000000000000e+00
3.184309525566517696e-01
5.079137220547909060e-01
-8.693179316409866964e-01
-1.000000000000000000e+00
-1.000000000000000000e+00
-1.000000000000000000e+00
1.000000000000000000e+00
-6.339397827776684924e-01
-4.533323435615426167e-01
-1.000000000000000000e+00
1.000000000000000000e+00
-7.732824800911817231e-01
-4.682868937764128603e-02
-7.446539103778901936e-01
1.000000000000000000e+00
-1.000000000000000000e+00
7.380098324698620704e-01
-1.000000000000000000e+00
2.990918268289612936e-01
1.000000000000000000e+00
-1.000000000000000000e+00
1.000000000000000000e+00
-1.000000000000000000e+00
6.260761242345940225e-01
5.374567120806768017e-01
-2.872656606242676158e-01
-8.529597719423089863e-01
1.000000000000000000e+00
1.000000000000000000e+00
1.000000000000000000e+00
2.996704136055836631e-01
-2.273007776082753839e-01
-1.000000000000000000e+00
-1.000000000000000000e+00
-1.000000000000000000e+00
1.634034837894740022e-01
-1.000000000000000000e+00
-3.877550291916092018e-01
-9.706588281553794051e-01
1.000000000000000000e+00
1.000000000000000000e+00
-1.000000000000000000e+00
-1.000000000000000000e+00
-6.319588616362339373e-01
-1.000000000000000000e+00
-4.283686837595881425e-01
1.000000000000000000e+00
2.265744629315318281e-01
-1.000000000000000000e+00
-1.000000000000000000e+00
1.000000000000000000e+00
1.000000000000000000e+00
-1.000000000000000000e+00
-4.245024199576730162e-02
-1.000000000000000000e+00
-8.973225933741078020e-01
-1.000000000000000000e+00
1.000000000000000000e+00
-1.000000000000000000e+00
-6.825061101492053695e-01
-1.000000000000000000e+00
3.142152303468752628e-01
-1.000000000000000000e+00
-1.000000000000000000e+00
-8.286615188754384853e-01
-3.300722152757042949e-01
1.000000000000000000e+00
-1.000000000000000000e+00
1.000000000000000000e+00
-1.000000000000000000e+00
6.414998453920390808e-01
5.376317478476015932e-01
1.000000000000000000e+00
1.000000000000000000e+00
1.000000000000000000e+00
5.957491994303487637e-02
1.000000000000000000e+00
1.000000000000000000e+00
-1.000000000000000000e+00
-1.000000000000000000e+00
-9.014027543037195223e-02
3.483039711463356003e-01
-5.350974029610870986e-01
-2.743043606241970522e-01
4.735780705431411608e-01
3.890626764046487551e-01
6.329773867574668422e-01
-9.544526331395377650e-01
-1.000000000000000000e+00
-1.000000000000000000e+00
5.000160918550164979e-01
-3.714294934268393966e-01
1.000000000000000000e+00
2.381418173937670524e-01
4.660952331864023357e-01
-1.042665118829686488e-01
-5.189578299683876850e-01
5.794452955140714234e-01
